!FRM4SOC_CP
!RADCAL
# radiometric calibration coefs & linearity, lamp and panel data

# comments start with # (ignored by the processor)
# no empty lines between the parameter signatures in [] and the parameter values
# parameters are case insensitive
# parameters can be inserted in any order, except the first two signatures
# columns are tab- or space-delimited

[VERSION]
0.1

[CALDATE]
2025-06-13 13:13:52

[CALLAB]
Tartu Observatory

[USER]
Riho Vendt

[LAMP_ID]
TO_7

[PANEL_ID]
SG3151/1

[DEVICE]
SAM_8166

# Correlated color temperature (K)
[LAMP_CCT]
2977.5

# wavelength (nm)	bandwidth (nm)	irradiance (mW/m2/nm)	uncertainty (%, k=2)
[LAMPDATA]
300.00	0.00	1.3608	1.50
310.00	0.00	1.9372	1.50
320.00	0.00	2.6358	1.50
330.00	0.00	3.5407	1.40
340.00	0.00	4.6380	1.40
350.00	0.00	5.9914	1.30
360.00	0.00	7.6027	1.30
370.00	0.00	9.4767	1.30
380.00	0.00	11.6461	1.30
390.00	0.00	14.1614	1.30
400.00	0.00	16.9229	1.20
410.00	0.00	19.9376	1.20
420.00	0.00	23.2677	1.20
430.00	0.00	26.8840	1.20
440.00	0.00	30.7867	1.20
450.00	0.00	35.0344	1.20
460.00	0.00	39.4359	1.20
470.00	0.00	44.1128	1.20
480.00	0.00	48.9542	1.20
490.00	0.00	54.0952	1.20
500.00	0.00	59.2452	1.20
510.00	0.00	64.6754	1.20
520.00	0.00	69.9903	1.20
530.00	0.00	75.6024	1.20
540.00	0.00	81.1717	1.20
550.00	0.00	86.8574	1.20
560.00	0.00	92.5627	1.20
570.00	0.00	98.1045	1.20
580.00	0.00	103.8197	1.20
590.00	0.00	109.4881	1.20
600.00	0.00	114.8400	1.20
610.00	0.00	120.2473	1.20
620.00	0.00	125.5000	1.20
630.00	0.00	130.7785	1.20
640.00	0.00	135.7258	1.20
650.00	0.00	140.4710	1.20
660.00	0.00	145.4703	1.20
670.00	0.00	149.9922	1.20
680.00	0.00	154.2653	1.20
690.00	0.00	158.5131	1.20
700.00	0.00	162.6457	1.20
710.00	0.00	166.4744	1.20
720.00	0.00	170.1194	1.20
730.00	0.00	173.4370	1.20
740.00	0.00	176.6738	1.20
750.00	0.00	179.7362	1.20
760.00	0.00	182.6709	1.20
770.00	0.00	185.3328	1.20
780.00	0.00	187.6319	1.20
790.00	0.00	189.9388	1.20
800.00	0.00	192.0141	1.20
810.00	0.00	193.9241	1.20
820.00	0.00	195.5564	1.20
830.00	0.00	197.0500	1.20
840.00	0.00	198.4559	1.20
850.00	0.00	199.6272	1.20
860.00	0.00	200.6580	1.20
870.00	0.00	201.4082	1.20
880.00	0.00	202.1077	1.20
890.00	0.00	202.6360	1.20
900.00	0.00	203.0186	1.20
910.00	0.00	203.2563	1.20
920.00	0.00	203.4473	1.20
930.00	0.00	203.4458	1.20
940.00	0.00	203.3470	1.20
950.00	0.00	203.1248	1.20
960.00	0.00	202.7085	1.20
970.00	0.00	202.2934	1.20
980.00	0.00	201.7270	1.20
990.00	0.00	202.1353	1.30
1000.00	0.00	202.4295	1.30
[END_OF_LAMPDATA]

# wavelength (nm)	bandwidth (nm)	reflectance	uncertainty (%, k=2)
[PANELDATA]
350.00	0.00	0.9740	1.17
360.00	0.00	0.9820	1.18
370.00	0.00	0.9850	1.18
380.00	0.00	0.9860	1.18
390.00	0.00	0.9880	1.19
400.00	0.00	0.9890	0.49
410.00	0.00	0.9910	0.50
420.00	0.00	0.9920	0.50
430.00	0.00	0.9930	0.50
440.00	0.00	0.9920	0.50
450.00	0.00	0.9940	0.50
460.00	0.00	0.9930	0.50
470.00	0.00	0.9920	0.50
480.00	0.00	0.9910	0.50
490.00	0.00	0.9900	0.50
500.00	0.00	0.9890	0.49
510.00	0.00	0.9910	0.50
520.00	0.00	0.9910	0.50
530.00	0.00	0.9910	0.50
540.00	0.00	0.9900	0.50
550.00	0.00	0.9900	0.50
560.00	0.00	0.9900	0.30
570.00	0.00	0.9900	0.30
580.00	0.00	0.9900	0.30
590.00	0.00	0.9900	0.30
600.00	0.00	0.9890	0.30
610.00	0.00	0.9890	0.30
620.00	0.00	0.9880	0.30
630.00	0.00	0.9880	0.30
640.00	0.00	0.9880	0.30
650.00	0.00	0.9880	0.30
660.00	0.00	0.9880	0.30
670.00	0.00	0.9870	0.30
680.00	0.00	0.9870	0.30
690.00	0.00	0.9860	0.30
700.00	0.00	0.9860	0.30
710.00	0.00	0.9860	0.30
720.00	0.00	0.9850	0.30
730.00	0.00	0.9850	0.30
740.00	0.00	0.9850	0.30
750.00	0.00	0.9840	0.30
760.00	0.00	0.9840	0.30
770.00	0.00	0.9840	0.30
780.00	0.00	0.9830	0.29
790.00	0.00	0.9820	0.29
800.00	0.00	0.9820	0.29
810.00	0.00	0.9820	0.29
820.00	0.00	0.9810	0.29
830.00	0.00	0.9810	0.29
840.00	0.00	0.9810	0.29
850.00	0.00	0.9810	0.29
860.00	0.00	0.9800	0.29
870.00	0.00	0.9790	0.29
880.00	0.00	0.9800	0.29
890.00	0.00	0.9800	0.29
900.00	0.00	0.9770	0.29
910.00	0.00	0.9770	0.29
920.00	0.00	0.9760	0.29
930.00	0.00	0.9760	0.29
940.00	0.00	0.9760	0.29
950.00	0.00	0.9760	0.29
960.00	0.00	0.9750	0.29
970.00	0.00	0.9750	0.29
980.00	0.00	0.9750	0.29
990.00	0.00	0.9750	0.29
1000.00	0.00	0.9770	0.29
1010.00	0.00	0.9770	0.29
1020.00	0.00	0.9770	0.29
1030.00	0.00	0.9770	0.29
1040.00	0.00	0.9770	0.29
1050.00	0.00	0.9760	0.29
1060.00	0.00	0.9770	0.29
1070.00	0.00	0.9770	0.29
1080.00	0.00	0.9770	0.29
1090.00	0.00	0.9760	0.29
1100.00	0.00	0.9770	0.29
1110.00	0.00	0.9760	0.29
1120.00	0.00	0.9760	0.29
1130.00	0.00	0.9760	0.29
1140.00	0.00	0.9750	0.29
1150.00	0.00	0.9750	0.29
1160.00	0.00	0.9750	0.29
1170.00	0.00	0.9740	0.29
1180.00	0.00	0.9730	0.29
1190.00	0.00	0.9720	0.29
1200.00	0.00	0.9720	0.29
1210.00	0.00	0.9730	0.29
1220.00	0.00	0.9730	0.29
1230.00	0.00	0.9740	0.29
1240.00	0.00	0.9740	0.29
1250.00	0.00	0.9740	0.29
1260.00	0.00	0.9740	0.29
1270.00	0.00	0.9750	0.29
1280.00	0.00	0.9750	0.29
1290.00	0.00	0.9740	0.29
1300.00	0.00	0.9740	0.29
1310.00	0.00	0.9740	0.29
1320.00	0.00	0.9740	0.29
1330.00	0.00	0.9740	0.29
1340.00	0.00	0.9740	0.29
1350.00	0.00	0.9730	0.29
1360.00	0.00	0.9710	0.29
1370.00	0.00	0.9700	0.29
1380.00	0.00	0.9700	0.29
1390.00	0.00	0.9700	0.29
1400.00	0.00	0.9700	0.29
1410.00	0.00	0.9690	0.29
1420.00	0.00	0.9700	0.29
1430.00	0.00	0.9700	0.29
1440.00	0.00	0.9700	0.29
1450.00	0.00	0.9700	0.29
1460.00	0.00	0.9700	0.29
1470.00	0.00	0.9710	0.29
1480.00	0.00	0.9700	0.29
1490.00	0.00	0.9700	0.29
1500.00	0.00	0.9700	0.29
1510.00	0.00	0.9700	0.29
1520.00	0.00	0.9700	0.29
1530.00	0.00	0.9700	0.29
1540.00	0.00	0.9700	0.29
1550.00	0.00	0.9700	0.29
1560.00	0.00	0.9690	0.29
1570.00	0.00	0.9700	0.29
1580.00	0.00	0.9690	0.29
1590.00	0.00	0.9690	0.29
1600.00	0.00	0.9690	0.29
1610.00	0.00	0.9680	0.29
1620.00	0.00	0.9670	0.29
1630.00	0.00	0.9670	0.29
1640.00	0.00	0.9660	0.29
1650.00	0.00	0.9640	0.29
1660.00	0.00	0.9610	0.48
1670.00	0.00	0.9590	0.48
1680.00	0.00	0.9570	0.48
1690.00	0.00	0.9530	0.48
1700.00	0.00	0.9490	0.47
[END_OF_PANELDATA]

[AMBIENT_TEMP]
21.0

# pixel no	wavelength (nm)	irradiance responsivity (unit depends on the device class)	uncertainty (%, k=2)	dark1	dark2 (content depends on the instrument class)	raw1	stdev1	raw2	stdev2
[CALDATA]
0	305.10	4	0.00	12	0.000000	64	0.00	32	0.00
1	308.37	0.580930	4.81	0.020026	0.027088	160.90	0.86	162.06	1.65
2	311.64	0.614191	4.31	0.020077	0.026742	190.75	0.79	191.76	1.69
3	314.91	0.654981	4.45	0.019895	0.026660	230.40	0.73	229.36	2.12
4	318.19	0.730735	3.62	0.020020	0.027078	282.40	0.69	282.26	1.93
5	321.46	0.804486	3.22	0.019922	0.026611	347.45	0.78	345.56	1.88
6	324.73	0.921637	2.97	0.020073	0.026789	431.85	0.92	433.66	1.98
7	328.00	1.030746	2.57	0.019939	0.026589	537.60	0.84	537.46	1.60
8	331.28	1.158215	2.49	0.020060	0.026704	664.45	0.83	664.36	1.75
9	334.55	1.284665	2.39	0.019919	0.027085	811.25	0.66	809.76	1.58
10	337.83	1.398404	2.31	0.020053	0.027215	967.35	0.91	965.16	1.45
11	341.11	1.492416	2.34	0.019919	0.027096	1118.60	0.86	1120.86	2.15
12	344.38	1.544315	2.31	0.020049	0.026835	1256.80	0.74	1262.96	2.17
13	347.66	1.530864	2.22	0.019920	0.026508	1368.35	1.00	1369.66	1.73
14	350.94	1.500003	2.18	0.020052	0.026717	1451.30	0.83	1456.16	1.52
15	354.22	1.433776	2.23	0.019913	0.026889	1513.00	0.99	1514.56	2.04
16	357.49	1.362070	2.18	0.020035	0.027164	1563.25	0.84	1561.96	1.78
17	360.77	1.299085	2.18	0.019916	0.027115	1610.75	0.70	1609.96	1.87
18	364.05	1.252850	2.18	0.020030	0.026517	1673.15	0.89	1672.66	1.74
19	367.34	1.224882	2.18	0.019916	0.026808	1759.25	0.83	1758.86	2.20
20	370.62	1.224144	2.15	0.020038	0.026803	1885.50	0.78	1886.26	2.00
21	373.90	1.245155	2.14	0.019911	0.026778	2056.75	1.11	2056.96	1.46
22	377.18	1.289657	2.13	0.020049	0.027088	2278.35	0.98	2279.16	1.89
23	380.46	1.357510	2.12	0.019914	0.026808	2565.90	0.87	2565.26	2.02
24	383.75	1.445342	2.13	0.020040	0.026911	2912.40	0.88	2914.86	1.91
25	387.03	1.543836	2.11	0.019905	0.026857	3328.75	0.89	3326.56	1.66
26	390.31	1.662868	2.09	0.020040	0.027297	3813.65	0.80	3813.76	2.25
27	393.60	1.798824	1.95	0.019911	0.026915	4373.65	0.96	4377.46	1.84
28	396.88	1.927068	1.81	0.020023	0.026937	4975.70	0.79	4976.66	2.30
29	400.17	2.048086	1.71	0.019914	0.026718	5603.75	0.89	5603.26	2.25
30	403.46	2.168612	1.71	0.020041	0.026587	6261.70	1.00	6267.16	2.15
31	406.74	2.269859	1.70	0.019918	0.027182	6919.55	1.10	6926.36	1.72
32	410.03	2.347731	1.69	0.020028	0.026532	7546.15	1.13	7554.76	1.88
33	413.32	2.395683	1.70	0.019897	0.026763	8119.05	1.19	8125.56	2.09
34	416.60	2.413991	1.69	0.020044	0.026973	8618.35	1.14	8621.16	1.80
35	419.89	2.408981	1.68	0.019916	0.026606	9036.35	0.97	9041.76	2.22
36	423.18	2.383201	1.68	0.020037	0.026909	9381.60	0.96	9390.56	2.00
37	426.47	2.336612	1.68	0.019910	0.026762	9649.45	1.08	9658.66	1.74
38	429.76	2.281969	1.67	0.020045	0.027043	9868.35	1.08	9881.46	1.88
39	433.05	2.220526	1.68	0.019914	0.026897	10056.55	1.08	10065.86	2.06
40	436.34	2.165387	1.67	0.020036	0.026666	10241.40	1.32	10255.96	2.13
41	439.63	2.109731	1.66	0.019910	0.027006	10434.20	1.35	10442.16	1.90
42	442.92	2.062576	1.67	0.020041	0.026892	10655.45	1.15	10665.96	1.80
43	446.21	2.021215	1.66	0.019912	0.026555	10901.05	1.12	10913.26	1.96
44	449.50	1.986997	1.66	0.020031	0.026709	11182.95	1.24	11194.36	2.18
45	452.79	1.962497	1.66	0.019902	0.026636	11496.20	1.11	11507.26	1.77
46	456.09	1.945527	1.66	0.020038	0.026756	11843.05	1.44	11856.56	1.95
47	459.38	1.937081	1.65	0.019922	0.026769	12238.80	1.41	12257.06	1.79
48	462.67	1.933152	1.65	0.020027	0.026589	12686.00	1.19	12701.96	2.12
49	465.96	1.941553	1.65	0.019896	0.026921	13206.85	1.20	13228.96	1.89
50	469.26	1.953948	1.65	0.020034	0.026385	13781.60	1.41	13802.66	2.11
51	472.55	1.976843	1.65	0.019902	0.026739	14434.70	1.42	14458.96	1.79
52	475.84	2.005146	1.65	0.020025	0.026741	15148.95	1.29	15174.86	2.12
53	479.14	2.041836	1.64	0.019896	0.026414	15944.60	1.33	15974.66	1.52
54	482.43	2.083419	1.64	0.020016	0.026661	16803.90	1.26	16843.36	1.94
55	485.72	2.130367	1.64	0.019908	0.026621	17753.30	1.57	17795.66	1.95
56	489.02	2.182578	1.64	0.020030	0.026602	18771.20	1.48	18820.96	2.09
57	492.31	2.240699	1.64	0.019911	0.026302	19872.15	1.55	19925.26	2.47
58	495.61	2.301051	1.64	0.020033	0.026679	21016.85	1.39	21077.26	1.95
59	498.90	2.360835	1.64	0.019905	0.026868	22180.40	1.50	22254.76	2.39
60	502.20	2.411016	1.64	0.020020	0.026820	23322.95	2.01	23407.96	2.55
61	505.49	2.450051	1.64	0.019893	0.026775	24414.55	1.96	24504.66	2.57
62	508.79	2.477963	1.63	0.020037	0.026588	25419.45	1.57	25515.36	2.54
63	512.08	2.498945	1.63	0.019910	0.026874	26327.90	1.96	26437.66	2.81
64	515.38	2.512101	1.63	0.020039	0.026790	27158.50	1.82	27277.66	2.10
65	518.68	2.516058	1.63	0.019916	0.026642	27901.25	1.90	28027.46	2.67
66	521.97	2.510322	1.63	0.020023	0.026825	28563.55	1.68	28692.96	2.73
67	525.27	2.494140	1.63	0.019900	0.026833	29103.55	1.97	29241.96	2.57
68	528.56	2.468333	1.63	0.020030	0.026739	29526.90	2.27	29671.36	2.67
69	531.86	2.437707	1.63	0.019911	0.026530	29863.70	2.00	30014.86	2.54
70	535.16	2.408901	1.63	0.020041	0.026719	30195.45	2.12	30354.16	3.26
71	538.45	2.373445	1.63	0.019914	0.026717	30431.35	1.94	30594.56	2.68
72	541.75	2.338473	1.63	0.020039	0.026748	30669.45	2.07	30834.86	3.11
73	545.05	2.300279	1.63	0.019904	0.026749	30844.75	2.03	31016.96	2.80
74	548.34	2.260272	1.63	0.020021	0.026746	30978.35	2.06	31154.56	2.80
75	551.64	2.220152	1.62	0.019905	0.026620	31085.50	2.04	31266.56	3.34
76	554.94	2.182600	1.60	0.020039	0.026863	31211.65	2.05	31394.86	2.55
77	558.23	2.146085	1.58	0.019910	0.026837	31314.45	2.03	31507.76	2.13
78	561.53	2.112446	1.58	0.020029	0.026372	31440.85	1.69	31639.16	2.39
79	564.83	2.078136	1.58	0.019926	0.026679	31536.90	2.23	31735.36	2.25
80	568.12	2.041655	1.58	0.020031	0.026339	31565.70	2.12	31770.06	2.70
81	571.42	2.001270	1.58	0.019908	0.026882	31524.95	2.32	31732.16	2.86
82	574.71	1.956349	1.58	0.020024	0.026546	31405.60	2.26	31611.76	2.32
83	578.01	1.910027	1.58	0.019908	0.026392	31233.25	2.22	31438.96	2.52
84	581.31	1.863705	1.58	0.020037	0.026403	31037.85	2.08	31239.86	3.14
85	584.60	1.820706	1.58	0.019908	0.026918	30855.40	2.29	31060.96	2.69
86	587.90	1.781904	1.58	0.020035	0.026795	30722.40	2.10	30929.56	2.86
87	591.20	1.748940	1.58	0.019913	0.027176	30663.95	2.21	30868.76	2.74
88	594.49	1.715773	1.58	0.020039	0.026677	30557.00	2.25	30760.66	3.66
89	597.79	1.682064	1.58	0.019902	0.026584	30408.30	2.28	30615.76	2.70
90	601.08	1.646893	1.58	0.020034	0.026849	30232.60	2.27	30436.66	2.23
91	604.38	1.610145	1.58	0.019904	0.026644	30027.35	1.90	30224.46	2.60
92	607.68	1.576063	1.58	0.020026	0.026990	29831.05	2.05	30030.26	2.88
93	610.97	1.546129	1.58	0.019907	0.026582	29687.65	2.34	29889.66	2.69
94	614.27	1.519391	1.58	0.020034	0.026972	29585.15	1.85	29786.36	2.96
95	617.56	1.495707	1.58	0.019915	0.026592	29525.55	1.90	29725.96	2.64
96	620.86	1.474012	1.58	0.020031	0.026910	29494.20	2.27	29694.46	2.73
97	624.15	1.453477	1.58	0.019917	0.026866	29494.40	1.74	29691.06	2.47
98	627.45	1.434795	1.58	0.020037	0.026471	29504.10	2.12	29704.36	2.78
99	630.74	1.418521	1.58	0.019912	0.026540	29550.05	1.78	29752.76	2.55
100	634.04	1.403508	1.58	0.020034	0.026449	29603.15	1.69	29806.46	2.47
101	637.33	1.390091	1.58	0.019894	0.026551	29681.20	2.28	29884.06	3.35
102	640.62	1.377548	1.58	0.020035	0.026149	29757.75	1.89	29964.76	2.82
103	643.92	1.367218	1.58	0.019910	0.026530	29876.35	2.24	30084.66	2.59
104	647.21	1.358438	1.58	0.020041	0.026698	30021.70	1.56	30230.66	2.87
105	650.50	1.351824	1.58	0.019903	0.026379	30198.75	1.76	30415.06	2.37
106	653.80	1.346150	1.59	0.020035	0.026466	30414.65	2.29	30638.66	2.68
107	657.09	1.341058	1.59	0.019902	0.026772	30642.40	2.02	30871.66	3.13
108	660.38	1.337697	1.59	0.020033	0.026214	30900.80	2.40	31135.26	2.34
109	663.67	1.335567	1.59	0.019913	0.026547	31163.35	2.14	31398.26	2.54
110	666.97	1.335956	1.59	0.020030	0.026564	31461.30	1.85	31706.36	2.56
111	670.26	1.336462	1.59	0.019909	0.026785	31769.25	1.92	32018.96	2.78
112	673.55	1.337876	1.59	0.020027	0.026686	32097.00	2.58	32353.36	2.78
113	676.84	1.339101	1.59	0.019911	0.026301	32416.70	1.81	32679.46	3.70
114	680.13	1.340782	1.59	0.020033	0.026786	32737.65	2.35	33009.86	2.50
115	683.42	1.341822	1.59	0.019914	0.026755	33044.05	2.24	33323.36	3.61
116	686.71	1.343190	1.60	0.020043	0.026497	33362.75	2.41	33645.06	3.20
117	690.00	1.344214	1.60	0.019904	0.026745	33661.50	2.47	33950.36	2.79
118	693.29	1.344234	1.60	0.020027	0.026258	33946.05	2.11	34241.96	2.01
119	696.58	1.343088	1.60	0.019913	0.026340	34198.05	2.21	34499.96	2.65
120	699.87	1.340849	1.60	0.020041	0.026498	34408.80	2.19	34720.56	2.60
121	703.15	1.334331	1.60	0.019913	0.026619	34518.15	2.17	34827.66	3.17
122	706.44	1.324022	1.60	0.020049	0.026480	34515.70	2.47	34824.76	3.07
123	709.73	1.308466	1.60	0.019912	0.026426	34367.15	2.20	34674.26	2.55
124	713.02	1.289196	1.61	0.020036	0.026364	34101.85	1.81	34405.26	3.44
125	716.30	1.265742	1.61	0.019906	0.026501	33715.50	2.09	34012.66	2.83
126	719.59	1.239196	1.61	0.020041	0.026470	33228.70	2.22	33521.06	2.60
127	722.87	1.210430	1.61	0.019911	0.026887	32685.00	2.05	32964.96	3.07
128	726.16	1.181043	1.61	0.020029	0.027039	32106.45	1.98	32375.76	2.75
129	729.44	1.152715	1.61	0.019900	0.026425	31527.80	2.16	31793.96	2.93
130	732.73	1.123659	1.62	0.020037	0.026529	30940.50	1.87	31193.86	3.01
131	736.01	1.095202	1.62	0.019909	0.026631	30346.90	2.16	30592.66	2.42
132	739.30	1.066911	1.62	0.020041	0.026443	29740.75	2.35	29980.76	2.81
133	742.58	1.038713	1.62	0.019909	0.026519	29132.40	2.24	29359.26	2.82
134	745.86	1.011190	1.62	0.020035	0.026475	28513.65	1.89	28735.06	2.31
135	749.14	0.983820	1.63	0.019907	0.026389	27892.30	2.19	28105.76	2.68
136	752.42	0.955554	1.63	0.020030	0.026476	27250.50	1.87	27452.26	2.47
137	755.70	0.927408	1.63	0.019913	0.026685	26608.35	2.04	26795.96	2.88
138	758.98	0.899912	1.63	0.020041	0.026260	25954.25	1.67	26137.26	2.62
139	762.26	0.872598	1.64	0.019902	0.026385	25297.90	1.95	25473.26	3.15
140	765.54	0.846356	1.64	0.020040	0.026555	24668.80	1.75	24832.76	2.76
141	768.82	0.821356	1.64	0.019910	0.026650	24056.30	1.76	24213.86	2.73
142	772.10	0.798176	1.64	0.020033	0.026013	23474.80	1.78	23628.06	2.72
143	775.38	0.775927	1.65	0.019900	0.026581	22908.65	1.78	23057.06	2.04
144	778.65	0.754009	1.65	0.020037	0.026655	22352.30	1.38	22492.06	2.28
145	781.93	0.732529	1.65	0.019909	0.026663	21793.00	1.85	21930.86	2.60
146	785.20	0.710262	1.66	0.020032	0.027135	21226.20	1.69	21351.96	2.43
147	788.48	0.687940	1.66	0.019896	0.026110	20637.25	1.63	20757.46	2.89
148	791.75	0.665852	1.66	0.020031	0.026733	20051.20	1.46	20165.86	2.38
149	795.03	0.643321	1.66	0.019896	0.026758	19453.25	1.62	19559.26	1.88
150	798.30	0.622159	1.67	0.020037	0.026656	18878.95	1.54	18981.96	2.00
151	801.57	0.600653	1.67	0.019903	0.026359	18292.80	1.32	18390.36	1.86
152	804.84	0.580094	1.68	0.020035	0.026344	17722.95	1.20	17818.56	2.17
153	808.11	0.559458	1.68	0.019909	0.026334	17163.30	1.37	17247.66	2.25
154	811.38	0.540528	1.68	0.020043	0.026119	16625.70	1.28	16709.66	1.86
155	814.65	0.521710	1.69	0.019916	0.026086	16098.40	1.30	16173.76	1.74
156	817.92	0.503981	1.69	0.020038	0.026713	15593.05	1.35	15663.56	1.83
157	821.19	0.486959	1.69	0.019907	0.026503	15099.90	1.30	15169.56	2.33
158	824.46	0.470408	1.70	0.020027	0.026397	14632.80	1.66	14695.86	1.82
159	827.72	0.454639	1.70	0.019908	0.026731	14180.15	1.28	14239.66	2.31
160	830.99	0.439887	1.71	0.020033	0.026250	13751.40	1.36	13809.86	2.37
161	834.25	0.425081	1.71	0.019901	0.026541	13337.45	1.34	13385.56	2.13
162	837.52	0.411604	1.72	0.020049	0.026477	12934.90	1.15	12986.26	1.97
163	840.78	0.398801	1.72	0.019907	0.026649	12560.40	1.21	12609.96	2.14
164	844.04	0.386491	1.73	0.020039	0.026681	12196.45	1.05	12244.86	2.05
165	847.31	0.374548	1.73	0.019907	0.026374	11849.10	1.15	11892.56	2.36
166	850.57	0.362801	1.74	0.020041	0.026364	11498.15	1.10	11540.06	2.05
167	853.83	0.351520	1.74	0.019888	0.026685	11169.65	1.08	11203.76	2.30
168	857.09	0.341245	1.75	0.020034	0.026315	10846.20	1.26	10885.06	1.99
169	860.35	0.330877	1.75	0.019897	0.026531	10534.95	1.18	10569.96	2.26
170	863.60	0.320967	1.76	0.020034	0.026416	10227.25	1.27	10262.26	2.09
171	866.86	0.311352	1.76	0.019907	0.026415	9931.75	1.04	9964.66	1.96
172	870.12	0.301865	1.77	0.020043	0.026285	9637.25	1.27	9669.06	2.21
173	873.37	0.292289	1.78	0.019913	0.026403	9351.25	1.10	9379.46	1.87
174	876.63	0.282729	1.78	0.020040	0.026055	9066.25	1.15	9089.76	1.75
175	879.88	0.274133	1.79	0.019902	0.026446	8792.75	1.39	8820.56	1.99
176	883.13	0.265308	1.80	0.020039	0.026445	8524.30	1.15	8547.96	1.83
177	886.38	0.256818	1.80	0.019895	0.026535	8262.30	1.08	8283.36	1.87
178	889.63	0.248801	1.81	0.020026	0.026374	8003.30	1.22	8027.36	2.02
179	892.88	0.240826	1.82	0.019892	0.026350	7746.80	0.97	7769.36	2.07
180	896.13	0.232937	1.83	0.020041	0.026219	7493.85	0.82	7513.86	2.08
181	899.38	0.225471	1.83	0.019899	0.026227	7250.60	1.29	7269.86	1.78
182	902.63	0.217983	1.84	0.020024	0.025893	7010.50	1.01	7029.76	1.94
183	905.87	0.210286	1.85	0.019903	0.026028	6771.30	0.98	6787.06	1.95
184	909.12	0.203293	1.86	0.020029	0.026276	6538.40	0.92	6558.56	1.91
185	912.36	0.196027	1.87	0.019909	0.026689	6312.20	1.10	6328.26	1.77
186	915.61	0.189087	1.88	0.020035	0.026397	6087.85	1.16	6103.76	1.93
187	918.85	0.181912	1.88	0.019903	0.026565	5867.50	1.21	5877.26	1.85
188	922.09	0.175369	1.89	0.020035	0.026115	5653.60	1.02	5664.46	1.79
189	925.33	0.169092	1.90	0.019887	0.026238	5445.60	1.10	5458.96	1.78
190	928.57	0.162616	1.91	0.020038	0.026637	5237.40	1.10	5249.96	1.59
191	931.81	0.155585	1.92	0.019903	0.026496	5020.55	0.97	5027.56	2.10
192	935.05	0.148665	1.93	0.020026	0.026719	4792.10	1.04	4801.06	1.88
193	938.28	0.141077	1.94	0.019905	0.026161	4550.05	0.79	4556.86	1.82
194	941.52	0.133595	1.95	0.020032	0.026426	4307.00	0.95	4313.76	1.40
195	944.75	0.126253	1.96	0.019896	0.026721	4072.95	1.03	4077.36	1.43
196	947.98	0.119547	1.98	0.020027	0.026768	3848.20	0.93	3855.86	1.87
197	951.21	0.112332	1.99	0.019906	0.026215	3626.80	1.04	3627.46	1.91
198	954.45	0.105697	2.00	0.020028	0.026603	3404.75	0.90	3407.66	1.70
199	957.68	0.098812	2.02	0.019897	0.026627	3179.75	0.66	3182.46	2.05
200	960.90	0.092135	2.03	0.020026	0.026152	2951.95	1.03	2959.56	1.49
201	964.13	0.084916	2.05	0.019906	0.026410	2726.90	1.03	2729.96	1.95
202	967.36	0.077893	2.06	0.020045	0.026251	2501.05	0.85	2503.16	1.76
203	970.58	0.071071	2.06	0.019900	0.025863	2277.15	0.92	2280.66	1.13
204	973.81	0.064287	2.10	0.020035	0.026251	2059.15	1.16	2061.76	2.01
205	977.03	0.057650	2.12	0.019905	0.025977	1849.95	0.88	1849.76	1.89
206	980.25	0.051564	2.14	0.020045	0.026235	1651.80	0.90	1652.36	1.79
207	983.47	0.045704	2.24	0.019897	0.026550	1461.60	0.72	1463.86	2.56
208	986.69	0.040271	2.22	0.020039	0.026540	1286.25	0.86	1289.46	1.68
209	989.91	0.035180	2.26	0.019892	0.026255	1125.20	0.96	1127.56	1.53
210	993.13	0.030432	2.29	0.020033	0.026354	974.35	0.90	976.46	1.43
211	996.34	0.000000	2.00	0.019896	0.026417	838.05	0.88	838.46	1.78
212	999.56	0.000000	2.03	0.020043	0.026576	714.65	0.75	717.56	1.56
213	1002.77	0.000000	2.28	0.019900	0.026367	603.00	1.05	607.56	1.99
214	1005.98	0.000000	2.26	0.020035	0.026585	506.75	0.91	508.76	1.59
215	1009.19	0.000000	2.67	0.019899	0.026227	425.80	0.93	426.06	1.97
216	1012.40	0.000000	2.78	0.020039	0.026445	356.85	0.74	357.96	1.78
217	1015.61	0.000000	3.23	0.019896	0.026607	298.40	0.85	300.26	1.91
218	1018.82	0.000000	3.51	0.020051	0.026254	251.45	0.85	251.06	1.79
219	1022.02	0.000000	4.21	0.019899	0.026503	214.55	0.82	217.46	2.01
220	1025.23	0.000000	4.49	0.020034	0.026365	185.90	0.97	183.86	1.77
221	1028.43	0.000000	4.55	0.019907	0.026206	162.75	0.91	167.06	1.69
222	1031.63	0.000000	5.04	0.020028	0.025927	147.35	0.88	147.86	1.65
223	1034.83	0.000000	6.92	0.019906	0.026508	133.10	0.92	133.76	2.17
224	1038.03	0.000000	6.32	0.020025	0.026355	122.75	0.93	122.16	1.75
225	1041.23	0.000000	6.84	0.019902	0.026326	110.90	1.00	110.46	1.72
226	1044.42	0.000000	7.46	0.020027	0.026300	98.00	0.84	96.96	1.66
227	1047.62	0.000000	11.24	0.019909	0.026638	86.75	0.94	84.36	2.21
228	1050.81	0.000000	9.05	0.020032	0.026098	71.40	0.72	75.16	1.70
229	1054.00	0.000000	14.02	0.019903	0.026678	60.00	0.85	58.66	1.94
230	1057.20	0.000000	18.03	0.020037	0.026733	47.05	0.82	45.96	1.97
231	1060.39	0.000000	19.35	0.019907	0.026277	36.80	0.90	37.36	1.77
232	1063.57	0.000000	25.87	0.020038	0.026085	25.30	0.84	27.36	1.85
233	1066.76	0.000000	36.37	0.019894	0.026458	19.20	0.78	19.56	1.76
234	1069.95	0.000000	50.78	0.020024	0.026337	13.20	0.97	13.36	1.64
235	1073.13	0.000000	112.97	0.019904	0.026236	7.95	0.87	8.26	2.38
236	1076.31	0.000000	85.11	0.020025	0.026120	6.20	0.75	7.66	1.90
237	1079.49	0.000000	114.95	0.019897	0.026277	4.45	0.81	5.06	1.58
238	1082.67	0.000000	139.78	0.020033	0.026327	3.75	1.01	4.36	1.66
239	1085.85	0.000000	111.05	0.019900	0.025829	2.60	0.86	4.36	1.64
240	1089.03	0.000000	86.12	0.020039	0.026067	1.75	0.78	4.96	1.71
241	1092.20	0.000000	1497.68	0.019905	0.026225	1.60	0.55	0.56	1.80
242	1095.37	0.000000	348.66	0.020035	0.026500	1.65	0.82	1.66	1.39
243	1098.55	0.000000	150.66	0.019921	0.026649	-0.60	0.86	2.06	1.72
244	1101.72	0.000000	178.20	0.020050	0.026097	-0.20	0.81	2.26	2.06
245	1104.89	0.000000	169.14	0.019923	0.026342	1.25	1.01	-1.54	1.76
246	1108.05	0.000000	202.63	0.020051	0.026350	-1.70	0.86	1.06	1.88
247	1111.22	0.000000	200.50	0.019919	0.026300	-0.60	1.02	-2.44	2.09
248	1114.38	0.000000	123.59	0.020063	0.026561	-0.55	0.91	-3.24	1.78
249	1117.55	0.000000	424.09	0.019940	0.026348	-1.20	0.85	-1.44	1.74
250	1120.71	0.000000	152.23	0.020071	0.025950	-3.00	0.81	0.66	1.59
251	1123.87	0.000000	221.54	0.019959	0.026100	-2.15	0.86	-2.84	1.91
252	1127.03	0.000000	96.16	0.020107	0.026449	-1.65	0.78	-5.44	2.18
253	1130.18	0.000000	84.85	0.020013	0.026230	-2.65	0.86	-5.34	1.65
254	1133.34	0.000000	116.84	0.020231	0.026084	-2.70	0.77	-4.64	1.88
255	1136.49	0.000000	291.60	0.020603	0.027199	-4.45	0.96	-3.54	1.86
[END_OF_CALDATA]
