!FRM4SOC_CP
!RADCAL
# radiometric calibration coefs & linearity, lamp and panel data

# comments start with # (ignored by the processor)
# no empty lines between the parameter signatures in [] and the parameter values
# parameters are case insensitive
# parameters can be inserted in any order, except the first two signatures
# columns are tab- or space-delimited

[VERSION]
0.1

[CALDATE]
2024-10-30 10:03:33

[CALLAB]
Tartu Observatory

[USER]
Riho Vendt

[LAMP_ID]
TO_7

[PANEL_ID]
SG3151/1

[DEVICE]
SAM_8831

# Correlated color temperature (K)
[LAMP_CCT]
2972.0

# wavelength (nm)	bandwidth (nm)	irradiane (mW/m2/nm)	uncertainty (%, k=2)
[LAMPDATA]
300.00	0.00	1.3604	2.49
310.00	0.00	1.9234	2.12
320.00	0.00	2.6430	1.94
330.00	0.00	3.5404	1.94
340.00	0.00	4.6356	1.93
350.00	0.00	5.9788	1.93
360.00	0.00	7.5784	1.92
370.00	0.00	9.4629	1.92
380.00	0.00	11.6366	1.92
390.00	0.00	14.0948	1.84
400.00	0.00	16.7816	1.77
410.00	0.00	19.8141	1.69
420.00	0.00	23.1562	1.62
430.00	0.00	26.7970	1.55
440.00	0.00	30.7298	1.48
450.00	0.00	34.9416	1.47
460.00	0.00	39.3770	1.47
470.00	0.00	44.0540	1.47
480.00	0.00	48.9533	1.47
490.00	0.00	54.0532	1.47
500.00	0.00	59.3174	1.47
510.00	0.00	64.7239	1.46
520.00	0.00	70.2535	1.46
530.00	0.00	75.8797	1.46
540.00	0.00	81.5759	1.46
550.00	0.00	87.3132	1.46
560.00	0.00	93.0239	1.46
570.00	0.00	98.7221	1.46
580.00	0.00	104.3841	1.46
590.00	0.00	109.9883	1.45
600.00	0.00	115.5141	1.45
610.00	0.00	120.8935	1.45
620.00	0.00	126.1573	1.45
630.00	0.00	131.2920	1.45
640.00	0.00	136.2867	1.45
650.00	0.00	141.1323	1.45
660.00	0.00	145.8222	1.45
670.00	0.00	150.3514	1.45
680.00	0.00	154.7167	1.45
690.00	0.00	158.9163	1.45
700.00	0.00	162.9496	1.45
710.00	0.00	166.8169	1.44
720.00	0.00	170.4612	1.44
730.00	0.00	173.9326	1.44
740.00	0.00	177.2388	1.44
750.00	0.00	180.3809	1.44
760.00	0.00	183.3590	1.44
770.00	0.00	186.1729	1.44
780.00	0.00	188.8210	1.44
790.00	0.00	191.3006	1.44
800.00	0.00	193.6020	1.44
810.00	0.00	195.6782	1.44
820.00	0.00	197.5690	1.44
830.00	0.00	199.2668	1.44
840.00	0.00	200.7627	1.44
850.00	0.00	202.0565	1.44
860.00	0.00	203.1286	1.44
870.00	0.00	203.9685	1.44
880.00	0.00	204.5657	1.44
890.00	0.00	204.8740	1.44
900.00	0.00	204.9217	3.13
910.00	0.00	204.2705	3.13
920.00	0.00	204.4478	3.13
930.00	0.00	204.5009	3.13
940.00	0.00	204.4360	3.13
950.00	0.00	204.2791	3.13
960.00	0.00	204.0136	3.13
970.00	0.00	203.6444	3.13
980.00	0.00	203.1767	3.13
990.00	0.00	202.1724	3.13
1000.00	0.00	201.0806	3.13
[END_OF_LAMPDATA]

[AMBIENT_TEMP]
21.0

# pixel no	wavelength (nm)	irradiane responsivity (unit depends on the device class)	uncertainty (%, k=2)	dark1	dark2 (content depends on the instrument class)	raw1	stdev1	raw2	stdev2
[CALDATA]
0	303.26	5	0.00	12	0.000000	128	0.00	64	0.00
1	306.57	0.056914	5.76	0.017881	0.020115	93.11	0.65	96.49	1.23
2	309.88	0.053810	6.17	0.017786	0.020511	108.61	1.00	107.09	1.40
3	313.20	0.059105	6.38	0.017746	0.020540	132.16	0.67	130.69	1.86
4	316.51	0.064307	5.52	0.017746	0.020395	156.36	0.73	156.29	1.90
5	319.82	0.071820	4.16	0.017755	0.020332	183.26	0.77	188.29	1.61
6	323.14	0.073058	4.14	0.017766	0.020422	215.71	0.72	216.49	1.80
7	326.45	0.076294	4.09	0.017777	0.020576	247.96	0.78	248.99	2.06
8	329.77	0.080103	3.72	0.017756	0.020415	288.46	1.01	288.49	2.04
9	333.09	0.085206	3.24	0.017759	0.020499	338.31	0.92	337.39	1.82
10	336.40	0.092492	3.03	0.017740	0.020203	398.91	0.98	399.19	1.89
11	339.72	0.099839	2.67	0.017763	0.020681	473.26	0.95	471.89	1.55
12	343.04	0.110017	2.74	0.017738	0.020614	567.36	0.81	566.39	2.02
13	346.36	0.121620	2.55	0.017757	0.020339	679.31	0.71	679.79	1.86
14	349.68	0.135887	2.47	0.017751	0.020380	815.51	0.86	820.49	1.93
15	353.00	0.148285	2.41	0.017760	0.020478	973.71	0.90	975.19	1.71
16	356.33	0.161365	2.35	0.017754	0.020548	1141.86	0.91	1145.99	1.63
17	359.65	0.171570	2.33	0.017747	0.020609	1314.41	0.86	1317.59	1.93
18	362.97	0.178347	2.36	0.017747	0.020640	1473.21	0.93	1477.09	2.30
19	366.30	0.180393	2.31	0.017769	0.020366	1608.96	0.77	1610.99	1.91
20	369.62	0.179410	2.28	0.017747	0.020296	1715.36	0.91	1719.89	1.82
21	372.95	0.175964	2.28	0.017758	0.020246	1806.76	0.79	1810.89	1.65
22	376.27	0.172103	2.28	0.017757	0.020433	1889.66	0.79	1895.79	1.93
23	379.60	0.168437	2.26	0.017756	0.020268	1982.71	0.96	1986.89	1.93
24	382.93	0.166677	2.23	0.017745	0.020350	2093.11	0.97	2098.39	1.58
25	386.26	0.165932	2.21	0.017739	0.020385	2225.61	1.17	2229.09	1.98
26	389.58	0.167806	2.17	0.017749	0.020439	2389.66	0.70	2396.49	1.67
27	392.91	0.170837	2.16	0.017756	0.020743	2591.76	0.96	2594.69	2.24
28	396.24	0.175984	2.12	0.017756	0.020432	2819.56	0.82	2827.99	1.71
29	399.57	0.181407	2.08	0.017760	0.020863	3081.61	0.75	3088.29	1.77
30	402.90	0.188805	2.07	0.017739	0.020376	3392.11	1.07	3400.49	1.45
31	406.24	0.197727	2.04	0.017760	0.020355	3766.71	0.98	3770.19	2.01
32	409.57	0.209508	2.01	0.017755	0.020421	4206.46	1.04	4213.89	1.59
33	412.90	0.222886	1.99	0.017754	0.020388	4714.86	1.03	4725.69	1.49
34	416.23	0.237420	1.96	0.017756	0.020348	5294.81	1.16	5304.99	1.56
35	419.57	0.253511	1.94	0.017751	0.020556	5949.66	0.95	5960.79	1.98
36	422.90	0.269465	1.92	0.017757	0.020625	6652.96	1.08	6662.79	2.02
37	426.23	0.285137	1.89	0.017764	0.020640	7389.81	0.84	7401.89	1.69
38	429.57	0.299593	1.87	0.017747	0.020367	8131.81	1.02	8151.29	1.75
39	432.90	0.311348	1.85	0.017765	0.020379	8862.06	1.03	8880.19	1.93
40	436.24	0.320547	1.82	0.017729	0.020528	9551.61	1.19	9571.09	1.90
41	439.58	0.326730	1.80	0.017759	0.020460	10179.96	0.97	10201.69	2.27
42	442.91	0.329716	1.80	0.017746	0.020796	10728.21	1.11	10754.09	1.59
43	446.25	0.329382	1.79	0.017744	0.020622	11190.46	1.27	11216.19	1.86
44	449.59	0.326222	1.79	0.017753	0.020485	11557.86	1.14	11584.99	2.06
45	452.92	0.320429	1.79	0.017765	0.020569	11823.21	1.13	11852.69	2.00
46	456.26	0.313069	1.79	0.017750	0.020603	12023.66	1.42	12053.29	1.96
47	459.60	0.305307	1.78	0.017764	0.020847	12189.31	1.26	12221.39	1.86
48	462.94	0.297289	1.78	0.017731	0.020491	12333.91	1.13	12366.19	1.89
49	466.28	0.290239	1.78	0.017760	0.020461	12498.01	1.28	12532.89	2.17
50	469.62	0.284114	1.77	0.017744	0.020486	12699.26	1.30	12731.19	1.71
51	472.96	0.279750	1.78	0.017761	0.020689	12955.51	1.49	12991.99	2.29
52	476.29	0.276921	1.77	0.017746	0.020505	13289.31	1.25	13324.69	1.74
53	479.63	0.275469	1.77	0.017757	0.020552	13677.86	1.51	13717.49	1.75
54	482.98	0.274021	1.77	0.017749	0.020464	14067.71	1.25	14112.09	2.08
55	486.32	0.272117	1.77	0.017765	0.020726	14434.86	1.31	14483.59	1.83
56	489.66	0.269535	1.77	0.017738	0.020734	14769.86	1.25	14819.69	1.94
57	493.00	0.267147	1.76	0.017756	0.020541	15109.26	1.37	15161.49	2.08
58	496.34	0.265985	1.76	0.017747	0.020677	15520.56	1.12	15573.39	1.95
59	499.68	0.266278	1.76	0.017749	0.020518	16016.81	1.26	16071.99	2.31
60	503.02	0.267993	1.76	0.017749	0.020740	16601.71	1.20	16662.09	2.22
61	506.36	0.271296	1.76	0.017742	0.020644	17297.76	1.38	17363.99	2.18
62	509.70	0.275416	1.76	0.017752	0.020612	18072.96	1.55	18140.49	2.08
63	513.05	0.280935	1.76	0.017757	0.020624	18947.11	1.54	19023.99	1.92
64	516.39	0.287497	1.75	0.017757	0.020610	19919.26	1.85	20005.09	1.91
65	519.73	0.294960	1.75	0.017760	0.020711	20984.06	1.36	21078.89	1.98
66	523.07	0.303194	1.75	0.017746	0.020619	22134.51	1.64	22240.09	1.80
67	526.42	0.312109	1.75	0.017764	0.020529	23360.56	1.65	23482.09	2.33
68	529.76	0.320919	1.75	0.017745	0.020610	24624.56	1.67	24757.49	1.98
69	533.10	0.329200	1.75	0.017759	0.020707	25871.21	1.64	26021.79	2.44
70	536.44	0.336438	1.75	0.017742	0.020596	27078.81	2.32	27241.29	2.28
71	539.79	0.342103	1.75	0.017766	0.020881	28180.56	1.71	28357.29	2.68
72	543.13	0.346241	1.75	0.017751	0.020659	29169.66	2.11	29363.79	2.48
73	546.47	0.348303	1.75	0.017769	0.020530	30013.36	1.89	30215.69	2.47
74	549.82	0.348465	1.75	0.017750	0.020464	30692.86	2.23	30905.19	2.58
75	553.16	0.347479	1.75	0.017764	0.020583	31258.16	1.75	31483.59	2.55
76	556.50	0.345183	1.75	0.017743	0.020759	31701.01	1.99	31937.69	2.52
77	559.84	0.341530	1.74	0.017772	0.020605	32022.26	2.27	32261.79	2.13
78	563.19	0.337123	1.74	0.017749	0.020532	32257.91	2.19	32499.19	2.45
79	566.53	0.332205	1.74	0.017764	0.020337	32415.61	1.84	32663.29	2.69
80	569.87	0.326170	1.74	0.017753	0.020640	32449.31	2.20	32698.79	2.76
81	573.22	0.319135	1.74	0.017756	0.020223	32362.11	1.78	32609.99	2.13
82	576.56	0.311184	1.74	0.017757	0.020451	32144.31	2.04	32393.39	2.47
83	579.90	0.302084	1.74	0.017759	0.020470	31789.16	2.49	32030.39	2.95
84	583.24	0.292838	1.74	0.017759	0.020316	31366.86	1.87	31607.39	2.66
85	586.58	0.284587	1.74	0.017748	0.020604	31022.46	2.20	31259.49	2.69
86	589.93	0.277555	1.74	0.017739	0.020616	30768.16	2.18	31008.29	3.25
87	593.27	0.271230	1.74	0.017757	0.020684	30580.91	1.95	30816.49	2.85
88	596.61	0.265727	1.74	0.017754	0.020522	30453.76	1.71	30689.19	2.65
89	599.95	0.260626	1.74	0.017761	0.020394	30350.31	2.06	30585.69	2.26
90	603.29	0.256300	1.74	0.017744	0.020461	30302.76	2.01	30543.69	2.17
91	606.64	0.252387	1.74	0.017752	0.020695	30298.16	1.97	30538.69	2.35
92	609.98	0.249424	1.74	0.017749	0.020439	30384.16	1.86	30628.99	2.41
93	613.32	0.247486	1.74	0.017762	0.020391	30584.96	1.94	30834.09	2.27
94	616.66	0.246376	1.74	0.017756	0.020627	30867.71	2.03	31127.59	2.81
95	620.00	0.246027	1.74	0.017769	0.020339	31239.61	2.29	31510.99	2.15
96	623.34	0.246137	1.74	0.017750	0.020512	31680.01	2.41	31956.39	2.28
97	626.68	0.246177	1.74	0.017768	0.020508	32090.81	2.13	32380.59	2.77
98	630.02	0.245238	1.74	0.017743	0.020589	32386.61	1.93	32679.49	2.70
99	633.36	0.243208	1.74	0.017766	0.020539	32518.81	2.03	32818.99	2.94
100	636.70	0.239652	1.74	0.017763	0.020360	32442.21	2.10	32743.19	2.86
101	640.04	0.234879	1.74	0.017780	0.020571	32187.91	2.35	32485.39	2.31
102	643.37	0.229611	1.74	0.017759	0.020381	31850.16	2.38	32141.19	3.13
103	646.71	0.224092	1.74	0.017772	0.020500	31451.31	1.92	31737.59	2.26
104	650.05	0.218303	1.74	0.017758	0.020614	30996.61	2.33	31275.29	2.49
105	653.39	0.212183	1.74	0.017763	0.020408	30477.91	1.97	30745.79	2.14
106	656.73	0.206683	1.75	0.017755	0.020440	30016.31	2.07	30278.59	2.88
107	660.06	0.202258	1.75	0.017771	0.020484	29693.01	1.65	29949.99	2.65
108	663.40	0.198676	1.75	0.017744	0.020485	29476.36	1.88	29729.99	2.26
109	666.73	0.195567	1.75	0.017771	0.020601	29306.71	2.05	29561.79	2.62
110	670.07	0.193049	1.75	0.017745	0.020496	29219.61	1.82	29473.59	2.15
111	673.41	0.190901	1.75	0.017772	0.020417	29181.76	1.94	29433.59	2.36
112	676.74	0.189091	1.75	0.017755	0.020395	29183.01	1.69	29434.39	2.50
113	680.07	0.187649	1.75	0.017769	0.020497	29228.06	2.16	29481.49	2.45
114	683.41	0.186510	1.75	0.017755	0.020637	29309.81	1.79	29567.79	2.28
115	686.74	0.185377	1.75	0.017771	0.020565	29393.66	1.87	29651.99	2.55
116	690.07	0.184446	1.75	0.017737	0.020368	29492.36	1.81	29756.29	2.44
117	693.41	0.183406	1.75	0.017773	0.020572	29573.11	1.67	29840.29	2.52
118	696.74	0.182122	1.76	0.017749	0.020638	29617.11	2.14	29882.19	2.39
119	700.07	0.180884	1.76	0.017770	0.020505	29648.76	2.14	29917.89	2.37
120	703.40	0.179525	1.76	0.017754	0.020500	29654.31	2.00	29927.69	2.81
121	706.73	0.178083	1.76	0.017766	0.020037	29652.61	2.11	29922.89	2.86
122	710.06	0.176853	1.76	0.017758	0.020473	29677.96	1.92	29945.89	2.10
123	713.39	0.175859	1.76	0.017775	0.020359	29723.91	2.01	29995.19	2.91
124	716.72	0.174984	1.76	0.017755	0.020229	29783.66	1.99	30058.39	2.43
125	720.05	0.174342	1.76	0.017762	0.020277	29881.01	2.13	30157.69	2.37
126	723.37	0.173868	1.76	0.017759	0.020578	29995.01	1.67	30278.09	2.32
127	726.70	0.173367	1.77	0.017770	0.020493	30103.01	2.06	30390.59	2.41
128	730.03	0.172869	1.77	0.017758	0.020478	30214.26	1.74	30502.29	2.66
129	733.35	0.172111	1.77	0.017761	0.020468	30273.31	2.06	30563.19	2.68
130	736.68	0.171090	1.77	0.017749	0.020425	30282.01	2.24	30572.29	2.32
131	740.00	0.169864	1.77	0.017770	0.020438	30250.61	1.99	30539.59	2.05
132	743.32	0.168366	1.77	0.017758	0.020603	30157.56	2.25	30449.09	2.22
133	746.65	0.166731	1.78	0.017753	0.020442	30043.31	2.09	30331.89	2.64
134	749.97	0.165089	1.78	0.017753	0.020426	29914.66	1.94	30203.09	2.56
135	753.29	0.163359	1.78	0.017766	0.020543	29764.81	1.95	30052.99	1.74
136	756.61	0.161689	1.78	0.017754	0.020492	29624.71	1.97	29909.79	2.46
137	759.93	0.160055	1.78	0.017768	0.020440	29483.81	1.68	29765.99	2.81
138	763.25	0.158484	1.79	0.017753	0.020472	29346.76	2.08	29627.59	2.45
139	766.57	0.157110	1.79	0.017768	0.020433	29233.76	1.95	29516.59	2.81
140	769.89	0.155636	1.79	0.017746	0.020492	29110.86	2.20	29388.09	2.39
141	773.20	0.153994	1.79	0.017777	0.020508	28936.81	1.69	29215.59	2.31
142	776.52	0.152010	1.80	0.017762	0.020352	28702.76	1.98	28976.99	2.26
143	779.84	0.149574	1.80	0.017771	0.020353	28374.51	1.63	28644.09	2.34
144	783.15	0.146549	1.80	0.017752	0.020445	27930.11	1.91	28192.89	2.08
145	786.46	0.143063	1.80	0.017768	0.020567	27392.96	1.75	27646.09	2.68
146	789.78	0.139208	1.81	0.017758	0.020446	26770.21	1.69	27015.99	2.74
147	793.09	0.134964	1.81	0.017769	0.020551	26070.21	1.93	26304.59	2.94
148	796.40	0.130606	1.81	0.017762	0.020307	25341.96	1.84	25563.09	2.81
149	799.71	0.126262	1.82	0.017771	0.020317	24599.26	1.59	24810.89	1.77
150	803.02	0.121914	1.82	0.017744	0.020189	23849.41	1.75	24049.49	2.24
151	806.33	0.117799	1.82	0.017771	0.020313	23133.01	1.79	23323.59	2.13
152	809.64	0.113764	1.83	0.017762	0.020583	22427.81	1.67	22607.19	1.65
153	812.94	0.109909	1.83	0.017774	0.020393	21746.31	1.46	21916.89	1.78
154	816.25	0.106194	1.83	0.017729	0.020264	21087.36	1.52	21248.19	2.10
155	819.55	0.102671	1.84	0.017776	0.020338	20446.91	1.54	20604.79	2.30
156	822.86	0.099151	1.84	0.017757	0.020367	19813.91	1.42	19961.99	1.78
157	826.16	0.095692	1.84	0.017770	0.020131	19185.11	1.52	19324.49	1.94
158	829.46	0.092214	1.85	0.017757	0.020419	18544.06	1.41	18675.89	1.85
159	832.76	0.088660	1.85	0.017765	0.020563	17891.16	1.45	18010.49	1.96
160	836.06	0.085192	1.86	0.017752	0.020331	17233.81	1.64	17348.89	1.94
161	839.36	0.081640	1.86	0.017767	0.020594	16562.96	1.15	16669.39	1.90
162	842.66	0.078099	1.86	0.017751	0.020562	15883.56	1.15	15983.89	1.77
163	845.96	0.074630	1.87	0.017757	0.020464	15216.01	1.40	15309.39	2.20
164	849.25	0.071235	1.87	0.017763	0.020420	14554.06	1.32	14643.09	2.21
165	852.55	0.067890	1.88	0.017771	0.020440	13901.96	1.32	13984.29	2.09
166	855.84	0.064728	1.88	0.017756	0.020265	13287.76	1.22	13361.49	2.42
167	859.13	0.061751	1.89	0.017760	0.020212	12697.56	1.36	12768.19	1.70
168	862.42	0.058962	1.90	0.017745	0.020532	12148.81	1.20	12213.09	2.37
169	865.71	0.056395	1.90	0.017759	0.020249	11641.21	1.31	11700.19	1.64
170	869.00	0.054058	1.91	0.017753	0.020634	11167.86	1.14	11227.09	1.73
171	872.29	0.051868	1.91	0.017773	0.020495	10731.21	1.06	10786.19	1.88
172	875.58	0.049866	1.92	0.017755	0.020492	10332.31	1.24	10382.69	2.34
173	878.86	0.048016	1.92	0.017770	0.020219	9962.31	1.22	10008.69	1.91
174	882.15	0.046370	1.93	0.017763	0.020441	9624.31	1.04	9670.69	1.85
175	885.43	0.044873	1.94	0.017770	0.020430	9315.86	1.16	9362.09	1.99
176	888.71	0.043415	1.94	0.017742	0.020234	9017.61	1.11	9062.09	1.36
177	892.00	0.041978	2.21	0.017772	0.020417	8728.66	0.89	8767.99	1.64
178	895.27	0.040603	2.68	0.017752	0.020615	8443.91	1.07	8481.89	2.20
179	898.55	0.039239	3.18	0.017775	0.020689	8160.96	1.09	8197.39	2.30
180	901.83	0.037884	3.41	0.017767	0.020621	7877.81	1.10	7911.49	1.72
181	905.11	0.036601	3.41	0.017755	0.020561	7596.71	0.82	7632.59	2.17
182	908.38	0.035236	3.42	0.017749	0.020790	7311.26	1.13	7342.89	1.83
183	911.65	0.033831	3.42	0.017773	0.020363	7021.96	1.00	7049.89	1.66
184	914.93	0.032500	3.43	0.017757	0.020644	6741.46	1.00	6771.49	1.63
185	918.20	0.031116	3.43	0.017771	0.020646	6467.16	0.96	6490.29	1.81
186	921.47	0.029822	3.44	0.017754	0.020541	6195.31	1.01	6219.49	1.76
187	924.74	0.028565	3.44	0.017765	0.020546	5927.16	1.06	5954.29	1.56
188	928.00	0.027272	3.45	0.017757	0.020524	5664.11	0.77	5687.49	1.59
189	931.27	0.025925	3.45	0.017778	0.020436	5392.81	1.06	5410.79	2.13
190	934.53	0.024589	3.46	0.017748	0.020524	5111.71	1.13	5130.19	1.62
191	937.80	0.023262	3.47	0.017775	0.020571	4830.66	1.04	4850.49	2.08
192	941.06	0.021940	3.47	0.017755	0.020489	4568.06	0.85	4580.39	2.22
193	944.32	0.020817	3.48	0.017780	0.020405	4327.11	0.88	4341.89	2.14
194	947.58	0.019837	3.48	0.017749	0.020699	4121.56	0.95	4135.99	1.87
195	950.83	0.018943	3.49	0.017774	0.020770	3935.71	1.03	3948.89	2.37
196	954.09	0.018119	3.50	0.017764	0.020508	3758.56	0.92	3773.49	1.83
197	957.34	0.017323	3.51	0.017761	0.020539	3592.41	1.07	3606.39	2.04
198	960.60	0.016579	3.51	0.017756	0.020508	3439.71	0.77	3451.39	2.07
199	963.85	0.015852	3.52	0.017777	0.020636	3289.96	1.03	3299.69	1.91
200	967.10	0.015209	3.53	0.017761	0.020596	3150.96	0.93	3162.19	1.85
201	970.35	0.014545	3.54	0.017767	0.020530	3013.81	1.09	3023.29	1.78
202	973.59	0.013878	3.55	0.017759	0.020352	2878.66	0.75	2885.19	2.23
203	976.84	0.013245	3.55	0.017769	0.020495	2744.11	0.86	2750.99	1.88
204	980.08	0.012644	3.57	0.017749	0.020640	2615.31	0.79	2622.89	2.04
205	983.32	0.012029	3.57	0.017771	0.020504	2480.41	0.89	2489.49	1.61
206	986.56	0.011413	3.58	0.017754	0.020532	2349.86	0.82	2358.39	1.75
207	989.80	0.010802	3.60	0.017776	0.020568	2219.81	0.98	2228.09	2.21
208	993.04	0.010184	3.59	0.017757	0.020462	2089.96	0.93	2097.49	1.26
209	996.28	0.000000	1.80	0.017779	0.020339	1958.31	1.05	1962.99	1.68
210	999.51	0.000000	1.82	0.017757	0.020486	1828.56	1.00	1834.39	1.63
211	1002.74	0.000000	1.87	0.017768	0.020435	1692.71	0.90	1701.59	2.00
212	1005.98	0.000000	1.92	0.017751	0.020354	1555.56	0.87	1558.89	2.28
213	1009.21	0.000000	1.94	0.017776	0.020477	1416.31	1.00	1421.29	2.07
214	1012.43	0.000000	1.98	0.017750	0.020528	1276.46	1.00	1280.09	2.10
215	1015.66	0.000000	2.01	0.017775	0.020298	1138.41	0.82	1144.19	1.96
216	1018.88	0.000000	2.08	0.017740	0.020485	1005.16	1.01	1008.49	2.04
217	1022.11	0.000000	2.09	0.017773	0.020177	877.96	0.75	880.49	1.71
218	1025.33	0.000000	2.25	0.017755	0.020366	760.46	0.82	762.19	2.12
219	1028.55	0.000000	2.27	0.017754	0.020409	648.31	0.92	650.99	1.79
220	1031.77	0.000000	2.39	0.017750	0.020540	546.16	0.82	547.09	1.76
221	1034.98	0.000000	2.44	0.017758	0.020425	455.86	0.84	457.09	1.51
222	1038.20	0.000000	2.83	0.017741	0.020320	375.16	1.10	374.99	1.75
223	1041.41	0.000000	2.99	0.017757	0.020425	303.66	1.33	302.59	1.49
224	1044.62	0.000000	4.13	0.017767	0.020458	241.56	0.84	240.29	2.09
225	1047.83	0.000000	4.38	0.017768	0.020327	188.71	0.85	186.89	1.72
226	1051.04	0.000000	4.95	0.017743	0.020486	143.86	0.76	145.89	1.61
227	1054.24	0.000000	6.21	0.017773	0.020533	105.81	0.93	108.09	1.54
228	1057.44	0.000000	9.02	0.017755	0.020507	81.11	0.91	81.69	1.74
229	1060.65	0.000000	14.16	0.017768	0.020492	58.66	0.94	57.79	1.93
230	1063.85	0.000000	12.99	0.017755	0.020173	43.26	0.74	44.29	1.40
231	1067.04	0.000000	17.83	0.017773	0.020497	33.51	1.00	34.79	1.51
232	1070.24	0.000000	32.38	0.017757	0.020139	26.56	0.91	25.99	2.00
233	1073.43	0.000000	53.21	0.017779	0.020214	20.66	0.92	18.49	2.12
234	1076.63	0.000000	35.43	0.017751	0.020258	15.16	0.90	16.09	1.44
235	1079.82	0.000000	65.68	0.017764	0.020369	11.06	0.82	11.79	2.01
236	1083.01	0.000000	63.55	0.017753	0.020438	8.61	0.75	10.49	1.93
237	1086.19	0.000000	107.88	0.017779	0.020405	6.86	1.01	7.19	1.97
238	1089.38	0.000000	137.87	0.017768	0.020405	4.26	0.82	4.79	1.79
239	1092.56	0.000000	186.65	0.017773	0.020643	2.86	0.71	3.79	2.18
240	1095.74	0.000000	847.28	0.017748	0.020344	2.16	0.90	1.49	1.69
241	1098.92	0.000000	459.53	0.017759	0.020433	2.31	0.64	0.19	2.19
242	1102.10	0.000000	377.81	0.017752	0.020559	1.96	0.77	1.89	1.68
243	1105.27	0.000000	647.73	0.017783	0.020528	-0.54	0.75	0.29	1.78
244	1108.45	0.000000	800.15	0.017769	0.020687	-1.49	1.07	-0.31	1.67
245	1111.62	0.000000	205.89	0.017796	0.020615	0.81	0.89	2.39	2.00
246	1114.78	0.000000	425.08	0.017775	0.020392	-1.19	0.87	0.29	1.84
247	1117.95	0.000000	1030.38	0.017796	0.020456	-0.84	0.82	-0.01	2.09
248	1121.12	0.000000	1680.12	0.017779	0.020413	-3.19	0.82	-1.81	1.74
249	1124.28	0.000000	4194.52	0.017798	0.020253	-1.99	0.84	-0.91	1.79
250	1127.44	0.000000	184.95	0.017782	0.020281	-0.69	1.00	-2.21	1.65
251	1130.60	0.000000	79.33	0.017819	0.020404	-2.49	0.73	-5.01	1.45
252	1133.76	0.000000	119.69	0.017821	0.020358	-3.84	0.76	-4.31	1.38
253	1136.91	0.000000	279.63	0.017869	0.020410	-2.54	0.88	-2.51	1.67
254	1140.06	0.000000	81.73	0.017909	0.020326	-2.49	1.01	-5.31	1.58
255	1143.21	0.000000	190.88	0.018400	0.021888	-2.34	1.00	-2.81	1.48
[END_OF_CALDATA]
