!FRM4SOC_CP
!RADCAL
# radiometric calibration coefs & linearity, lamp and panel data

# comments start with # (ignored by the processor)
# no empty lines between the parameter signatures in [] and the parameter values
# parameters are case insensitive
# parameters can be inserted in any order, except the first two signatures
# columns are tab- or space-delimited

[VERSION]
0.1

[CALDATE]
2022-06-06 11:52:40

[CALLAB]
Tartu Observatory

[USER]
Riho Vendt

[LAMP_ID]
TO_717

[PANEL_ID]
SG3151_2019

[DEVICE]
SAM_874F

[LAMP_CCT]
2990.7

[LAMPDATA]
300.00	0.00	1.5637	2.31
300.50	0.00	1.5923	2.29
301.00	0.00	1.6214	2.27
301.50	0.00	1.6508	2.25
302.00	0.00	1.6807	2.23
302.50	0.00	1.7109	2.21
303.00	0.00	1.7416	2.19
303.50	0.00	1.7726	2.17
304.00	0.00	1.8041	2.15
304.50	0.00	1.8360	2.13
305.00	0.00	1.8684	2.11
305.50	0.00	1.9011	2.09
306.00	0.00	1.9343	2.08
306.50	0.00	1.9679	2.06
307.00	0.00	2.0020	2.04
307.50	0.00	2.0365	2.02
308.00	0.00	2.0714	2.00
308.50	0.00	2.1068	1.98
309.00	0.00	2.1426	1.96
309.50	0.00	2.1789	1.94
310.00	0.00	2.2156	1.92
310.50	0.00	2.2528	1.90
311.00	0.00	2.2905	1.88
311.50	0.00	2.3286	1.86
312.00	0.00	2.3672	1.84
312.50	0.00	2.4063	1.82
313.00	0.00	2.4458	1.80
313.50	0.00	2.4859	1.78
314.00	0.00	2.5264	1.76
314.50	0.00	2.5674	1.74
315.00	0.00	2.6088	1.72
315.50	0.00	2.6508	1.72
316.00	0.00	2.6933	1.72
316.50	0.00	2.7363	1.72
317.00	0.00	2.7797	1.72
317.50	0.00	2.8237	1.72
318.00	0.00	2.8682	1.72
318.50	0.00	2.9132	1.72
319.00	0.00	2.9587	1.72
319.50	0.00	3.0047	1.72
320.00	0.00	3.0513	1.72
320.50	0.00	3.0983	1.72
321.00	0.00	3.1459	1.72
321.50	0.00	3.1941	1.72
322.00	0.00	3.2427	1.72
322.50	0.00	3.2919	1.72
323.00	0.00	3.3417	1.72
323.50	0.00	3.3919	1.72
324.00	0.00	3.4428	1.72
324.50	0.00	3.4942	1.72
325.00	0.00	3.5461	1.72
325.50	0.00	3.5986	1.72
326.00	0.00	3.6516	1.72
326.50	0.00	3.7052	1.72
327.00	0.00	3.7594	1.72
327.50	0.00	3.8141	1.72
328.00	0.00	3.8694	1.72
328.50	0.00	3.9253	1.72
329.00	0.00	3.9817	1.72
329.50	0.00	4.0388	1.72
330.00	0.00	4.0964	1.72
330.50	0.00	4.1546	1.72
331.00	0.00	4.2134	1.72
331.50	0.00	4.2727	1.72
332.00	0.00	4.3327	1.72
332.50	0.00	4.3933	1.72
333.00	0.00	4.4544	1.72
333.50	0.00	4.5162	1.72
334.00	0.00	4.5786	1.72
334.50	0.00	4.6416	1.72
335.00	0.00	4.7051	1.72
335.50	0.00	4.7693	1.72
336.00	0.00	4.8342	1.72
336.50	0.00	4.8996	1.72
337.00	0.00	4.9656	1.72
337.50	0.00	5.0323	1.72
338.00	0.00	5.0996	1.72
338.50	0.00	5.1676	1.72
339.00	0.00	5.2361	1.72
339.50	0.00	5.3053	1.72
340.00	0.00	5.3752	1.72
340.50	0.00	5.4457	1.72
341.00	0.00	5.5168	1.72
341.50	0.00	5.5885	1.72
342.00	0.00	5.6609	1.72
342.50	0.00	5.7340	1.72
343.00	0.00	5.8077	1.72
343.50	0.00	5.8821	1.72
344.00	0.00	5.9571	1.72
344.50	0.00	6.0328	1.72
345.00	0.00	6.1091	1.72
345.50	0.00	6.1862	1.72
346.00	0.00	6.2638	1.72
346.50	0.00	6.3422	1.72
347.00	0.00	6.4212	1.72
347.50	0.00	6.5009	1.72
348.00	0.00	6.5812	1.72
348.50	0.00	6.6623	1.72
349.00	0.00	6.7440	1.72
349.50	0.00	6.8264	1.72
350.00	0.00	6.9095	1.72
350.50	0.00	6.9933	1.72
351.00	0.00	7.0778	1.72
351.50	0.00	7.1629	1.72
352.00	0.00	7.2488	1.72
352.50	0.00	7.3353	1.72
353.00	0.00	7.4226	1.72
353.50	0.00	7.5105	1.72
354.00	0.00	7.5992	1.72
354.50	0.00	7.6885	1.72
355.00	0.00	7.7786	1.72
355.50	0.00	7.8693	1.72
356.00	0.00	7.9608	1.72
356.50	0.00	8.0530	1.72
357.00	0.00	8.1459	1.72
357.50	0.00	8.2395	1.72
358.00	0.00	8.3338	1.72
358.50	0.00	8.4289	1.72
359.00	0.00	8.5246	1.72
359.50	0.00	8.6211	1.72
360.00	0.00	8.7183	1.72
360.50	0.00	8.8163	1.72
361.00	0.00	8.9150	1.72
361.50	0.00	9.0144	1.72
362.00	0.00	9.1145	1.72
362.50	0.00	9.2154	1.72
363.00	0.00	9.3170	1.72
363.50	0.00	9.4193	1.72
364.00	0.00	9.5224	1.72
364.50	0.00	9.6262	1.72
365.00	0.00	9.7307	1.72
365.50	0.00	9.8360	1.72
366.00	0.00	9.9420	1.72
366.50	0.00	10.0488	1.72
367.00	0.00	10.1564	1.72
367.50	0.00	10.2646	1.72
368.00	0.00	10.3737	1.72
368.50	0.00	10.4834	1.72
369.00	0.00	10.5940	1.72
369.50	0.00	10.7052	1.72
370.00	0.00	10.8173	1.72
370.50	0.00	10.9301	1.72
371.00	0.00	11.0436	1.72
371.50	0.00	11.1579	1.72
372.00	0.00	11.2730	1.72
372.50	0.00	11.3888	1.72
373.00	0.00	11.5054	1.72
373.50	0.00	11.6228	1.72
374.00	0.00	11.7409	1.72
374.50	0.00	11.8597	1.72
375.00	0.00	11.9794	1.72
375.50	0.00	12.0998	1.72
376.00	0.00	12.2210	1.72
376.50	0.00	12.3429	1.72
377.00	0.00	12.4657	1.72
377.50	0.00	12.5891	1.72
378.00	0.00	12.7134	1.72
378.50	0.00	12.8384	1.72
379.00	0.00	12.9642	1.72
379.50	0.00	13.0908	1.72
380.00	0.00	13.2182	1.72
380.50	0.00	13.3463	1.71
381.00	0.00	13.4752	1.71
381.50	0.00	13.6049	1.71
382.00	0.00	13.7354	1.70
382.50	0.00	13.8666	1.70
383.00	0.00	13.9986	1.69
383.50	0.00	14.1314	1.69
384.00	0.00	14.2650	1.69
384.50	0.00	14.3994	1.68
385.00	0.00	14.5345	1.68
385.50	0.00	14.6705	1.67
386.00	0.00	14.8072	1.67
386.50	0.00	14.9447	1.66
387.00	0.00	15.0829	1.66
387.50	0.00	15.2220	1.66
388.00	0.00	15.3618	1.65
388.50	0.00	15.5025	1.65
389.00	0.00	15.6439	1.64
389.50	0.00	15.7861	1.64
390.00	0.00	15.9291	1.64
390.50	0.00	16.0728	1.63
391.00	0.00	16.2174	1.63
391.50	0.00	16.3627	1.62
392.00	0.00	16.5089	1.62
392.50	0.00	16.6558	1.62
393.00	0.00	16.8035	1.61
393.50	0.00	16.9520	1.61
394.00	0.00	17.1012	1.60
394.50	0.00	17.2513	1.60
395.00	0.00	17.4022	1.59
395.50	0.00	17.5538	1.59
396.00	0.00	17.7062	1.59
396.50	0.00	17.8594	1.58
397.00	0.00	18.0134	1.58
397.50	0.00	18.1682	1.57
398.00	0.00	18.3238	1.57
398.50	0.00	18.4801	1.57
399.00	0.00	18.6373	1.56
399.50	0.00	18.7952	1.56
400.00	0.00	18.9539	1.55
400.50	0.00	19.1134	1.55
401.00	0.00	19.2737	1.55
401.50	0.00	19.4348	1.54
402.00	0.00	19.5966	1.54
402.50	0.00	19.7593	1.53
403.00	0.00	19.9227	1.53
403.50	0.00	20.0869	1.52
404.00	0.00	20.2519	1.52
404.50	0.00	20.4177	1.52
405.00	0.00	20.5842	1.51
405.50	0.00	20.7516	1.51
406.00	0.00	20.9197	1.50
406.50	0.00	21.0886	1.50
407.00	0.00	21.2583	1.50
407.50	0.00	21.4287	1.49
408.00	0.00	21.6000	1.49
408.50	0.00	21.7720	1.48
409.00	0.00	21.9448	1.48
409.50	0.00	22.1184	1.48
410.00	0.00	22.2927	1.47
410.50	0.00	22.4678	1.47
411.00	0.00	22.6437	1.46
411.50	0.00	22.8204	1.46
412.00	0.00	22.9979	1.45
412.50	0.00	23.1761	1.45
413.00	0.00	23.3551	1.45
413.50	0.00	23.5348	1.44
414.00	0.00	23.7154	1.44
414.50	0.00	23.8967	1.43
415.00	0.00	24.0788	1.43
415.50	0.00	24.2616	1.43
416.00	0.00	24.4452	1.42
416.50	0.00	24.6296	1.42
417.00	0.00	24.8147	1.41
417.50	0.00	25.0006	1.41
418.00	0.00	25.1873	1.41
418.50	0.00	25.3747	1.40
419.00	0.00	25.5629	1.40
419.50	0.00	25.7518	1.39
420.00	0.00	25.9415	1.39
420.50	0.00	26.1319	1.39
421.00	0.00	26.3231	1.38
421.50	0.00	26.5151	1.38
422.00	0.00	26.7078	1.37
422.50	0.00	26.9013	1.37
423.00	0.00	27.0955	1.36
423.50	0.00	27.2905	1.36
424.00	0.00	27.4862	1.36
424.50	0.00	27.6826	1.35
425.00	0.00	27.8798	1.35
425.50	0.00	28.0778	1.34
426.00	0.00	28.2764	1.34
426.50	0.00	28.4759	1.34
427.00	0.00	28.6760	1.33
427.50	0.00	28.8769	1.33
428.00	0.00	29.0786	1.32
428.50	0.00	29.2809	1.32
429.00	0.00	29.4840	1.32
429.50	0.00	29.6879	1.31
430.00	0.00	29.8924	1.31
430.50	0.00	30.0977	1.30
431.00	0.00	30.3037	1.30
431.50	0.00	30.5105	1.30
432.00	0.00	30.7179	1.29
432.50	0.00	30.9261	1.29
433.00	0.00	31.1350	1.28
433.50	0.00	31.3446	1.28
434.00	0.00	31.5550	1.27
434.50	0.00	31.7660	1.27
435.00	0.00	31.9778	1.27
435.50	0.00	32.1902	1.26
436.00	0.00	32.4034	1.26
436.50	0.00	32.6173	1.25
437.00	0.00	32.8319	1.25
437.50	0.00	33.0472	1.25
438.00	0.00	33.2632	1.24
438.50	0.00	33.4799	1.24
439.00	0.00	33.6972	1.23
439.50	0.00	33.9153	1.23
440.00	0.00	34.1341	1.23
440.50	0.00	34.3536	1.23
441.00	0.00	34.5737	1.23
441.50	0.00	34.7945	1.23
442.00	0.00	35.0161	1.23
442.50	0.00	35.2383	1.23
443.00	0.00	35.4611	1.23
443.50	0.00	35.6847	1.23
444.00	0.00	35.9089	1.23
444.50	0.00	36.1338	1.23
445.00	0.00	36.3594	1.23
445.50	0.00	36.5857	1.23
446.00	0.00	36.8126	1.23
446.50	0.00	37.0402	1.23
447.00	0.00	37.2684	1.23
447.50	0.00	37.4973	1.23
448.00	0.00	37.7269	1.23
448.50	0.00	37.9571	1.23
449.00	0.00	38.1879	1.23
449.50	0.00	38.4195	1.23
450.00	0.00	38.6516	1.23
450.50	0.00	38.8844	1.23
451.00	0.00	39.1179	1.23
451.50	0.00	39.3520	1.23
452.00	0.00	39.5867	1.23
452.50	0.00	39.8220	1.23
453.00	0.00	40.0580	1.23
453.50	0.00	40.2947	1.23
454.00	0.00	40.5319	1.23
454.50	0.00	40.7698	1.23
455.00	0.00	41.0083	1.23
455.50	0.00	41.2474	1.23
456.00	0.00	41.4872	1.23
456.50	0.00	41.7275	1.23
457.00	0.00	41.9685	1.23
457.50	0.00	42.2101	1.23
458.00	0.00	42.4522	1.23
458.50	0.00	42.6950	1.23
459.00	0.00	42.9384	1.23
459.50	0.00	43.1824	1.23
460.00	0.00	43.4270	1.23
460.50	0.00	43.6722	1.23
461.00	0.00	43.9179	1.23
461.50	0.00	44.1643	1.23
462.00	0.00	44.4112	1.23
462.50	0.00	44.6587	1.23
463.00	0.00	44.9068	1.23
463.50	0.00	45.1555	1.23
464.00	0.00	45.4047	1.23
464.50	0.00	45.6546	1.23
465.00	0.00	45.9049	1.23
465.50	0.00	46.1559	1.23
466.00	0.00	46.4074	1.23
466.50	0.00	46.6595	1.23
467.00	0.00	46.9121	1.23
467.50	0.00	47.1653	1.23
468.00	0.00	47.4190	1.23
468.50	0.00	47.6733	1.23
469.00	0.00	47.9281	1.23
469.50	0.00	48.1834	1.23
470.00	0.00	48.4393	1.23
470.50	0.00	48.6958	1.23
471.00	0.00	48.9527	1.23
471.50	0.00	49.2102	1.23
472.00	0.00	49.4682	1.23
472.50	0.00	49.7268	1.23
473.00	0.00	49.9858	1.23
473.50	0.00	50.2454	1.23
474.00	0.00	50.5055	1.23
474.50	0.00	50.7661	1.23
475.00	0.00	51.0272	1.23
475.50	0.00	51.2888	1.23
476.00	0.00	51.5509	1.23
476.50	0.00	51.8135	1.23
477.00	0.00	52.0766	1.23
477.50	0.00	52.3402	1.23
478.00	0.00	52.6043	1.23
478.50	0.00	52.8688	1.23
479.00	0.00	53.1339	1.23
479.50	0.00	53.3994	1.23
480.00	0.00	53.6654	1.23
480.50	0.00	53.9318	1.23
481.00	0.00	54.1988	1.23
481.50	0.00	54.4662	1.23
482.00	0.00	54.7340	1.23
482.50	0.00	55.0023	1.23
483.00	0.00	55.2711	1.23
483.50	0.00	55.5403	1.23
484.00	0.00	55.8100	1.23
484.50	0.00	56.0801	1.23
485.00	0.00	56.3507	1.23
485.50	0.00	56.6216	1.23
486.00	0.00	56.8931	1.23
486.50	0.00	57.1649	1.23
487.00	0.00	57.4372	1.23
487.50	0.00	57.7099	1.23
488.00	0.00	57.9830	1.23
488.50	0.00	58.2566	1.23
489.00	0.00	58.5305	1.23
489.50	0.00	58.8049	1.23
490.00	0.00	59.0797	1.23
490.50	0.00	59.3549	1.23
491.00	0.00	59.6304	1.23
491.50	0.00	59.9064	1.23
492.00	0.00	60.1828	1.23
492.50	0.00	60.4595	1.23
493.00	0.00	60.7367	1.23
493.50	0.00	61.0142	1.23
494.00	0.00	61.2921	1.23
494.50	0.00	61.5704	1.23
495.00	0.00	61.8490	1.23
495.50	0.00	62.1280	1.23
496.00	0.00	62.4074	1.23
496.50	0.00	62.6871	1.23
497.00	0.00	62.9672	1.23
497.50	0.00	63.2477	1.23
498.00	0.00	63.5285	1.23
498.50	0.00	63.8096	1.23
499.00	0.00	64.0911	1.23
499.50	0.00	64.3730	1.23
500.00	0.00	64.6551	1.23
500.50	0.00	64.9376	1.23
501.00	0.00	65.2205	1.23
501.50	0.00	65.5036	1.23
502.00	0.00	65.7871	1.23
502.50	0.00	66.0709	1.23
503.00	0.00	66.3550	1.23
503.50	0.00	66.6394	1.23
504.00	0.00	66.9241	1.23
504.50	0.00	67.2092	1.23
505.00	0.00	67.4945	1.23
505.50	0.00	67.7801	1.23
506.00	0.00	68.0660	1.23
506.50	0.00	68.3522	1.23
507.00	0.00	68.6387	1.23
507.50	0.00	68.9255	1.23
508.00	0.00	69.2125	1.23
508.50	0.00	69.4999	1.23
509.00	0.00	69.7875	1.23
509.50	0.00	70.0753	1.23
510.00	0.00	70.3634	1.23
510.50	0.00	70.6518	1.23
511.00	0.00	70.9405	1.23
511.50	0.00	71.2293	1.23
512.00	0.00	71.5185	1.23
512.50	0.00	71.8079	1.23
513.00	0.00	72.0975	1.23
513.50	0.00	72.3873	1.23
514.00	0.00	72.6774	1.23
514.50	0.00	72.9678	1.23
515.00	0.00	73.2583	1.23
515.50	0.00	73.5491	1.23
516.00	0.00	73.8401	1.23
516.50	0.00	74.1313	1.23
517.00	0.00	74.4227	1.23
517.50	0.00	74.7143	1.23
518.00	0.00	75.0062	1.23
518.50	0.00	75.2982	1.23
519.00	0.00	75.5904	1.23
519.50	0.00	75.8828	1.23
520.00	0.00	76.1754	1.23
520.50	0.00	76.4682	1.23
521.00	0.00	76.7612	1.23
521.50	0.00	77.0544	1.23
522.00	0.00	77.3477	1.23
522.50	0.00	77.6412	1.23
523.00	0.00	77.9349	1.23
523.50	0.00	78.2287	1.23
524.00	0.00	78.5227	1.23
524.50	0.00	78.8168	1.23
525.00	0.00	79.1111	1.23
525.50	0.00	79.4056	1.23
526.00	0.00	79.7002	1.23
526.50	0.00	79.9949	1.23
527.00	0.00	80.2898	1.23
527.50	0.00	80.5848	1.23
528.00	0.00	80.8799	1.23
528.50	0.00	81.1752	1.23
529.00	0.00	81.4706	1.23
529.50	0.00	81.7661	1.23
530.00	0.00	82.0617	1.23
530.50	0.00	82.3574	1.23
531.00	0.00	82.6533	1.23
531.50	0.00	82.9492	1.23
532.00	0.00	83.2453	1.23
532.50	0.00	83.5414	1.23
533.00	0.00	83.8376	1.23
533.50	0.00	84.1340	1.23
534.00	0.00	84.4304	1.23
534.50	0.00	84.7269	1.23
535.00	0.00	85.0235	1.23
535.50	0.00	85.3201	1.23
536.00	0.00	85.6168	1.23
536.50	0.00	85.9136	1.23
537.00	0.00	86.2105	1.23
537.50	0.00	86.5074	1.23
538.00	0.00	86.8044	1.23
538.50	0.00	87.1014	1.23
539.00	0.00	87.3985	1.23
539.50	0.00	87.6957	1.23
540.00	0.00	87.9928	1.23
540.50	0.00	88.2900	1.23
541.00	0.00	88.5873	1.23
541.50	0.00	88.8846	1.23
542.00	0.00	89.1819	1.23
542.50	0.00	89.4792	1.23
543.00	0.00	89.7766	1.23
543.50	0.00	90.0740	1.23
544.00	0.00	90.3714	1.23
544.50	0.00	90.6688	1.23
545.00	0.00	90.9662	1.23
545.50	0.00	91.2636	1.23
546.00	0.00	91.5611	1.23
546.50	0.00	91.8585	1.23
547.00	0.00	92.1559	1.23
547.50	0.00	92.4533	1.23
548.00	0.00	92.7507	1.23
548.50	0.00	93.0481	1.23
549.00	0.00	93.3454	1.23
549.50	0.00	93.6428	1.23
550.00	0.00	93.9401	1.23
550.50	0.00	94.2374	1.23
551.00	0.00	94.5346	1.23
551.50	0.00	94.8318	1.23
552.00	0.00	95.1290	1.23
552.50	0.00	95.4261	1.23
553.00	0.00	95.7232	1.23
553.50	0.00	96.0202	1.23
554.00	0.00	96.3172	1.23
554.50	0.00	96.6141	1.23
555.00	0.00	96.9110	1.23
555.50	0.00	97.2078	1.23
556.00	0.00	97.5045	1.23
556.50	0.00	97.8012	1.23
557.00	0.00	98.0978	1.23
557.50	0.00	98.3943	1.23
558.00	0.00	98.6907	1.23
558.50	0.00	98.9871	1.23
559.00	0.00	99.2833	1.23
559.50	0.00	99.5795	1.23
560.00	0.00	99.8756	1.23
560.50	0.00	100.1716	1.23
561.00	0.00	100.4675	1.23
561.50	0.00	100.7632	1.23
562.00	0.00	101.0589	1.23
562.50	0.00	101.3545	1.23
563.00	0.00	101.6500	1.23
563.50	0.00	101.9453	1.23
564.00	0.00	102.2405	1.23
564.50	0.00	102.5356	1.23
565.00	0.00	102.8306	1.23
565.50	0.00	103.1255	1.23
566.00	0.00	103.4202	1.23
566.50	0.00	103.7148	1.23
567.00	0.00	104.0092	1.23
567.50	0.00	104.3035	1.23
568.00	0.00	104.5977	1.23
568.50	0.00	104.8917	1.23
569.00	0.00	105.1856	1.23
569.50	0.00	105.4793	1.23
570.00	0.00	105.7729	1.23
570.50	0.00	106.0663	1.23
571.00	0.00	106.3595	1.23
571.50	0.00	106.6526	1.23
572.00	0.00	106.9455	1.23
572.50	0.00	107.2383	1.23
573.00	0.00	107.5308	1.23
573.50	0.00	107.8232	1.23
574.00	0.00	108.1155	1.23
574.50	0.00	108.4075	1.23
575.00	0.00	108.6994	1.23
575.50	0.00	108.9910	1.23
576.00	0.00	109.2825	1.23
576.50	0.00	109.5738	1.23
577.00	0.00	109.8649	1.23
577.50	0.00	110.1558	1.23
578.00	0.00	110.4464	1.23
578.50	0.00	110.7369	1.23
579.00	0.00	111.0272	1.23
579.50	0.00	111.3173	1.23
580.00	0.00	111.6071	1.23
580.50	0.00	111.8967	1.23
581.00	0.00	112.1862	1.23
581.50	0.00	112.4754	1.23
582.00	0.00	112.7643	1.23
582.50	0.00	113.0531	1.23
583.00	0.00	113.3416	1.23
583.50	0.00	113.6299	1.23
584.00	0.00	113.9180	1.23
584.50	0.00	114.2058	1.23
585.00	0.00	114.4933	1.23
585.50	0.00	114.7807	1.23
586.00	0.00	115.0678	1.23
586.50	0.00	115.3546	1.23
587.00	0.00	115.6412	1.23
587.50	0.00	115.9276	1.23
588.00	0.00	116.2137	1.23
588.50	0.00	116.4995	1.23
589.00	0.00	116.7851	1.23
589.50	0.00	117.0704	1.23
590.00	0.00	117.3554	1.23
590.50	0.00	117.6402	1.23
591.00	0.00	117.9247	1.23
591.50	0.00	118.2089	1.23
592.00	0.00	118.4929	1.23
592.50	0.00	118.7766	1.23
593.00	0.00	119.0600	1.23
593.50	0.00	119.3431	1.23
594.00	0.00	119.6260	1.23
594.50	0.00	119.9085	1.23
595.00	0.00	120.1908	1.23
595.50	0.00	120.4728	1.23
596.00	0.00	120.7544	1.23
596.50	0.00	121.0358	1.23
597.00	0.00	121.3169	1.23
597.50	0.00	121.5977	1.23
598.00	0.00	121.8782	1.23
598.50	0.00	122.1584	1.23
599.00	0.00	122.4383	1.23
599.50	0.00	122.7178	1.23
600.00	0.00	122.9971	1.23
600.50	0.00	123.2760	1.23
601.00	0.00	123.5547	1.23
601.50	0.00	123.8330	1.23
602.00	0.00	124.1110	1.23
602.50	0.00	124.3887	1.23
603.00	0.00	124.6660	1.23
603.50	0.00	124.9430	1.23
604.00	0.00	125.2197	1.23
604.50	0.00	125.4961	1.23
605.00	0.00	125.7721	1.23
605.50	0.00	126.0478	1.23
606.00	0.00	126.3232	1.23
606.50	0.00	126.5982	1.23
607.00	0.00	126.8729	1.23
607.50	0.00	127.1473	1.23
608.00	0.00	127.4213	1.23
608.50	0.00	127.6949	1.23
609.00	0.00	127.9682	1.23
609.50	0.00	128.2412	1.23
610.00	0.00	128.5138	1.23
610.50	0.00	128.7861	1.23
611.00	0.00	129.0580	1.23
611.50	0.00	129.3295	1.23
612.00	0.00	129.6007	1.23
612.50	0.00	129.8715	1.23
613.00	0.00	130.1420	1.23
613.50	0.00	130.4121	1.23
614.00	0.00	130.6819	1.23
614.50	0.00	130.9512	1.23
615.00	0.00	131.2202	1.23
615.50	0.00	131.4889	1.23
616.00	0.00	131.7571	1.23
616.50	0.00	132.0250	1.23
617.00	0.00	132.2925	1.23
617.50	0.00	132.5597	1.23
618.00	0.00	132.8264	1.23
618.50	0.00	133.0928	1.23
619.00	0.00	133.3588	1.23
619.50	0.00	133.6244	1.23
620.00	0.00	133.8897	1.23
620.50	0.00	134.1545	1.23
621.00	0.00	134.4190	1.23
621.50	0.00	134.6830	1.23
622.00	0.00	134.9467	1.23
622.50	0.00	135.2100	1.23
623.00	0.00	135.4729	1.23
623.50	0.00	135.7354	1.23
624.00	0.00	135.9975	1.23
624.50	0.00	136.2592	1.23
625.00	0.00	136.5205	1.23
625.50	0.00	136.7814	1.23
626.00	0.00	137.0419	1.23
626.50	0.00	137.3020	1.23
627.00	0.00	137.5617	1.23
627.50	0.00	137.8209	1.23
628.00	0.00	138.0798	1.23
628.50	0.00	138.3383	1.23
629.00	0.00	138.5963	1.23
629.50	0.00	138.8540	1.23
630.00	0.00	139.1112	1.23
630.50	0.00	139.3681	1.23
631.00	0.00	139.6245	1.23
631.50	0.00	139.8805	1.23
632.00	0.00	140.1360	1.23
632.50	0.00	140.3912	1.23
633.00	0.00	140.6459	1.23
633.50	0.00	140.9002	1.23
634.00	0.00	141.1541	1.23
634.50	0.00	141.4076	1.23
635.00	0.00	141.6606	1.23
635.50	0.00	141.9133	1.23
636.00	0.00	142.1655	1.23
636.50	0.00	142.4172	1.23
637.00	0.00	142.6686	1.23
637.50	0.00	142.9195	1.23
638.00	0.00	143.1700	1.23
638.50	0.00	143.4200	1.23
639.00	0.00	143.6696	1.23
639.50	0.00	143.9188	1.23
640.00	0.00	144.1676	1.23
640.50	0.00	144.4159	1.23
641.00	0.00	144.6638	1.23
641.50	0.00	144.9112	1.23
642.00	0.00	145.1582	1.23
642.50	0.00	145.4048	1.23
643.00	0.00	145.6509	1.23
643.50	0.00	145.8966	1.23
644.00	0.00	146.1418	1.23
644.50	0.00	146.3866	1.23
645.00	0.00	146.6310	1.23
645.50	0.00	146.8749	1.23
646.00	0.00	147.1184	1.23
646.50	0.00	147.3614	1.23
647.00	0.00	147.6040	1.23
647.50	0.00	147.8461	1.23
648.00	0.00	148.0878	1.23
648.50	0.00	148.3291	1.23
649.00	0.00	148.5699	1.23
649.50	0.00	148.8102	1.23
650.00	0.00	149.0501	1.23
650.50	0.00	149.2895	1.23
651.00	0.00	149.5285	1.23
651.50	0.00	149.7671	1.23
652.00	0.00	150.0052	1.23
652.50	0.00	150.2428	1.23
653.00	0.00	150.4800	1.23
653.50	0.00	150.7167	1.23
654.00	0.00	150.9530	1.23
654.50	0.00	151.1888	1.23
655.00	0.00	151.4241	1.23
655.50	0.00	151.6590	1.23
656.00	0.00	151.8935	1.23
656.50	0.00	152.1274	1.23
657.00	0.00	152.3610	1.23
657.50	0.00	152.5940	1.23
658.00	0.00	152.8267	1.23
658.50	0.00	153.0588	1.23
659.00	0.00	153.2905	1.23
659.50	0.00	153.5217	1.23
660.00	0.00	153.7525	1.23
660.50	0.00	153.9828	1.23
661.00	0.00	154.2126	1.23
661.50	0.00	154.4420	1.23
662.00	0.00	154.6709	1.23
662.50	0.00	154.8994	1.23
663.00	0.00	155.1274	1.23
663.50	0.00	155.3549	1.23
664.00	0.00	155.5820	1.23
664.50	0.00	155.8086	1.23
665.00	0.00	156.0347	1.23
665.50	0.00	156.2604	1.23
666.00	0.00	156.4856	1.23
666.50	0.00	156.7103	1.23
667.00	0.00	156.9346	1.23
667.50	0.00	157.1584	1.23
668.00	0.00	157.3817	1.23
668.50	0.00	157.6046	1.23
669.00	0.00	157.8270	1.23
669.50	0.00	158.0489	1.23
670.00	0.00	158.2704	1.23
670.50	0.00	158.4914	1.23
671.00	0.00	158.7120	1.23
671.50	0.00	158.9320	1.23
672.00	0.00	159.1516	1.23
672.50	0.00	159.3708	1.23
673.00	0.00	159.5894	1.23
673.50	0.00	159.8076	1.23
674.00	0.00	160.0253	1.23
674.50	0.00	160.2426	1.23
675.00	0.00	160.4594	1.23
675.50	0.00	160.6757	1.23
676.00	0.00	160.8915	1.23
676.50	0.00	161.1069	1.23
677.00	0.00	161.3218	1.23
677.50	0.00	161.5363	1.23
678.00	0.00	161.7502	1.23
678.50	0.00	161.9637	1.23
679.00	0.00	162.1768	1.23
679.50	0.00	162.3893	1.23
680.00	0.00	162.6014	1.23
680.50	0.00	162.8130	1.23
681.00	0.00	163.0242	1.23
681.50	0.00	163.2349	1.23
682.00	0.00	163.4451	1.23
682.50	0.00	163.6548	1.23
683.00	0.00	163.8641	1.23
683.50	0.00	164.0729	1.23
684.00	0.00	164.2812	1.23
684.50	0.00	164.4891	1.23
685.00	0.00	164.6965	1.23
685.50	0.00	164.9034	1.23
686.00	0.00	165.1099	1.23
686.50	0.00	165.3158	1.23
687.00	0.00	165.5213	1.23
687.50	0.00	165.7264	1.23
688.00	0.00	165.9310	1.23
688.50	0.00	166.1351	1.23
689.00	0.00	166.3387	1.23
689.50	0.00	166.5419	1.23
690.00	0.00	166.7445	1.23
690.50	0.00	166.9468	1.23
691.00	0.00	167.1485	1.23
691.50	0.00	167.3498	1.23
692.00	0.00	167.5506	1.23
692.50	0.00	167.7510	1.23
693.00	0.00	167.9509	1.23
693.50	0.00	168.1503	1.23
694.00	0.00	168.3492	1.23
694.50	0.00	168.5477	1.23
695.00	0.00	168.7457	1.23
695.50	0.00	168.9432	1.23
696.00	0.00	169.1403	1.23
696.50	0.00	169.3369	1.23
697.00	0.00	169.5331	1.23
697.50	0.00	169.7287	1.23
698.00	0.00	169.9239	1.23
698.50	0.00	170.1187	1.23
699.00	0.00	170.3129	1.23
699.50	0.00	170.5067	1.23
700.00	0.00	170.7001	1.23
700.50	0.00	170.8930	1.23
701.00	0.00	171.0854	1.23
701.50	0.00	171.2773	1.23
702.00	0.00	171.4688	1.23
702.50	0.00	171.6598	1.23
703.00	0.00	171.8503	1.23
703.50	0.00	172.0404	1.23
704.00	0.00	172.2300	1.23
704.50	0.00	172.4192	1.23
705.00	0.00	172.6079	1.23
705.50	0.00	172.7961	1.23
706.00	0.00	172.9838	1.23
706.50	0.00	173.1711	1.23
707.00	0.00	173.3580	1.23
707.50	0.00	173.5443	1.23
708.00	0.00	173.7302	1.23
708.50	0.00	173.9157	1.23
709.00	0.00	174.1007	1.23
709.50	0.00	174.2852	1.23
710.00	0.00	174.4692	1.23
710.50	0.00	174.6528	1.23
711.00	0.00	174.8360	1.23
711.50	0.00	175.0187	1.23
712.00	0.00	175.2009	1.23
712.50	0.00	175.3826	1.23
713.00	0.00	175.5639	1.23
713.50	0.00	175.7447	1.23
714.00	0.00	175.9251	1.23
714.50	0.00	176.1050	1.23
715.00	0.00	176.2845	1.23
715.50	0.00	176.4635	1.23
716.00	0.00	176.6420	1.23
716.50	0.00	176.8201	1.23
717.00	0.00	176.9977	1.23
717.50	0.00	177.1749	1.23
718.00	0.00	177.3516	1.23
718.50	0.00	177.5278	1.23
719.00	0.00	177.7036	1.23
719.50	0.00	177.8790	1.23
720.00	0.00	178.0538	1.23
720.50	0.00	178.2283	1.23
721.00	0.00	178.4022	1.23
721.50	0.00	178.5757	1.23
722.00	0.00	178.7488	1.23
722.50	0.00	178.9214	1.23
723.00	0.00	179.0935	1.23
723.50	0.00	179.2652	1.23
724.00	0.00	179.4365	1.23
724.50	0.00	179.6072	1.23
725.00	0.00	179.7776	1.23
725.50	0.00	179.9474	1.23
726.00	0.00	180.1169	1.23
726.50	0.00	180.2858	1.23
727.00	0.00	180.4543	1.23
727.50	0.00	180.6224	1.23
728.00	0.00	180.7900	1.23
728.50	0.00	180.9572	1.23
729.00	0.00	181.1239	1.23
729.50	0.00	181.2901	1.23
730.00	0.00	181.4559	1.23
730.50	0.00	181.6213	1.23
731.00	0.00	181.7862	1.23
731.50	0.00	181.9506	1.23
732.00	0.00	182.1146	1.23
732.50	0.00	182.2782	1.23
733.00	0.00	182.4413	1.23
733.50	0.00	182.6039	1.23
734.00	0.00	182.7661	1.23
734.50	0.00	182.9279	1.23
735.00	0.00	183.0892	1.23
735.50	0.00	183.2500	1.23
736.00	0.00	183.4104	1.23
736.50	0.00	183.5704	1.23
737.00	0.00	183.7299	1.23
737.50	0.00	183.8890	1.23
738.00	0.00	184.0476	1.23
738.50	0.00	184.2057	1.23
739.00	0.00	184.3635	1.23
739.50	0.00	184.5207	1.23
740.00	0.00	184.6776	1.23
740.50	0.00	184.8339	1.23
741.00	0.00	184.9899	1.23
741.50	0.00	185.1453	1.23
742.00	0.00	185.3004	1.23
742.50	0.00	185.4550	1.23
743.00	0.00	185.6091	1.23
743.50	0.00	185.7628	1.23
744.00	0.00	185.9161	1.23
744.50	0.00	186.0689	1.23
745.00	0.00	186.2212	1.23
745.50	0.00	186.3732	1.23
746.00	0.00	186.5246	1.23
746.50	0.00	186.6757	1.23
747.00	0.00	186.8262	1.23
747.50	0.00	186.9764	1.23
748.00	0.00	187.1261	1.23
748.50	0.00	187.2753	1.23
749.00	0.00	187.4241	1.23
749.50	0.00	187.5725	1.23
750.00	0.00	187.7204	1.23
750.50	0.00	187.8679	1.23
751.00	0.00	188.0149	1.23
751.50	0.00	188.1615	1.23
752.00	0.00	188.3076	1.23
752.50	0.00	188.4533	1.23
753.00	0.00	188.5985	1.23
753.50	0.00	188.7433	1.23
754.00	0.00	188.8877	1.23
754.50	0.00	189.0316	1.23
755.00	0.00	189.1751	1.23
755.50	0.00	189.3181	1.23
756.00	0.00	189.4607	1.23
756.50	0.00	189.6029	1.23
757.00	0.00	189.7446	1.23
757.50	0.00	189.8858	1.23
758.00	0.00	190.0266	1.23
758.50	0.00	190.1670	1.23
759.00	0.00	190.3069	1.23
759.50	0.00	190.4464	1.23
760.00	0.00	190.5854	1.23
760.50	0.00	190.7240	1.23
761.00	0.00	190.8622	1.23
761.50	0.00	190.9999	1.23
762.00	0.00	191.1372	1.23
762.50	0.00	191.2740	1.23
763.00	0.00	191.4104	1.23
763.50	0.00	191.5463	1.23
764.00	0.00	191.6818	1.23
764.50	0.00	191.8168	1.23
765.00	0.00	191.9514	1.23
765.50	0.00	192.0856	1.23
766.00	0.00	192.2193	1.23
766.50	0.00	192.3525	1.23
767.00	0.00	192.4854	1.23
767.50	0.00	192.6177	1.23
768.00	0.00	192.7497	1.23
768.50	0.00	192.8811	1.23
769.00	0.00	193.0122	1.23
769.50	0.00	193.1428	1.23
770.00	0.00	193.2729	1.23
770.50	0.00	193.4026	1.23
771.00	0.00	193.5319	1.23
771.50	0.00	193.6607	1.23
772.00	0.00	193.7890	1.23
772.50	0.00	193.9170	1.23
773.00	0.00	194.0444	1.23
773.50	0.00	194.1715	1.23
774.00	0.00	194.2980	1.23
774.50	0.00	194.4241	1.23
775.00	0.00	194.5498	1.23
775.50	0.00	194.6751	1.23
776.00	0.00	194.7998	1.23
776.50	0.00	194.9242	1.23
777.00	0.00	195.0481	1.23
777.50	0.00	195.1715	1.23
778.00	0.00	195.2945	1.23
778.50	0.00	195.4170	1.23
779.00	0.00	195.5391	1.23
779.50	0.00	195.6607	1.23
780.00	0.00	195.7819	1.23
780.50	0.00	195.9026	1.23
781.00	0.00	196.0229	1.23
781.50	0.00	196.1427	1.23
782.00	0.00	196.2621	1.23
782.50	0.00	196.3810	1.23
783.00	0.00	196.4995	1.23
783.50	0.00	196.6175	1.23
784.00	0.00	196.7351	1.23
784.50	0.00	196.8522	1.23
785.00	0.00	196.9688	1.23
785.50	0.00	197.0850	1.23
786.00	0.00	197.2008	1.23
786.50	0.00	197.3161	1.23
787.00	0.00	197.4309	1.23
787.50	0.00	197.5453	1.23
788.00	0.00	197.6592	1.23
788.50	0.00	197.7726	1.23
789.00	0.00	197.8856	1.23
789.50	0.00	197.9982	1.23
790.00	0.00	198.1103	1.23
790.50	0.00	198.2219	1.23
791.00	0.00	198.3330	1.23
791.50	0.00	198.4437	1.23
792.00	0.00	198.5540	1.23
792.50	0.00	198.6637	1.23
793.00	0.00	198.7731	1.23
793.50	0.00	198.8819	1.23
794.00	0.00	198.9903	1.23
794.50	0.00	199.0982	1.23
795.00	0.00	199.2057	1.23
795.50	0.00	199.3127	1.23
796.00	0.00	199.4192	1.23
796.50	0.00	199.5253	1.23
797.00	0.00	199.6308	1.23
797.50	0.00	199.7360	1.23
798.00	0.00	199.8406	1.23
798.50	0.00	199.9448	1.23
799.00	0.00	200.0485	1.23
799.50	0.00	200.1518	1.23
800.00	0.00	200.2545	1.23
800.50	0.00	200.3568	1.23
801.00	0.00	200.4587	1.23
801.50	0.00	200.5600	1.23
802.00	0.00	200.6609	1.23
802.50	0.00	200.7613	1.23
803.00	0.00	200.8612	1.23
803.50	0.00	200.9607	1.23
804.00	0.00	201.0597	1.23
804.50	0.00	201.1582	1.23
805.00	0.00	201.2562	1.23
805.50	0.00	201.3537	1.23
806.00	0.00	201.4508	1.23
806.50	0.00	201.5474	1.23
807.00	0.00	201.6435	1.23
807.50	0.00	201.7391	1.23
808.00	0.00	201.8342	1.23
808.50	0.00	201.9289	1.23
809.00	0.00	202.0231	1.23
809.50	0.00	202.1167	1.23
810.00	0.00	202.2099	1.23
810.50	0.00	202.3026	1.23
811.00	0.00	202.3948	1.23
811.50	0.00	202.4866	1.23
812.00	0.00	202.5778	1.23
812.50	0.00	202.6686	1.23
813.00	0.00	202.7588	1.23
813.50	0.00	202.8486	1.23
814.00	0.00	202.9379	1.23
814.50	0.00	203.0266	1.23
815.00	0.00	203.1149	1.23
815.50	0.00	203.2027	1.23
816.00	0.00	203.2900	1.23
816.50	0.00	203.3768	1.23
817.00	0.00	203.4631	1.23
817.50	0.00	203.5488	1.23
818.00	0.00	203.6341	1.23
818.50	0.00	203.7189	1.23
819.00	0.00	203.8032	1.23
819.50	0.00	203.8870	1.23
820.00	0.00	203.9703	1.23
820.50	0.00	204.0530	1.23
821.00	0.00	204.1353	1.23
821.50	0.00	204.2170	1.23
822.00	0.00	204.2983	1.23
822.50	0.00	204.3790	1.23
823.00	0.00	204.4592	1.23
823.50	0.00	204.5390	1.23
824.00	0.00	204.6182	1.23
824.50	0.00	204.6968	1.23
825.00	0.00	204.7750	1.23
825.50	0.00	204.8527	1.23
826.00	0.00	204.9298	1.23
826.50	0.00	205.0064	1.23
827.00	0.00	205.0825	1.23
827.50	0.00	205.1581	1.23
828.00	0.00	205.2331	1.23
828.50	0.00	205.3077	1.23
829.00	0.00	205.3817	1.23
829.50	0.00	205.4552	1.23
830.00	0.00	205.5281	1.23
830.50	0.00	205.6006	1.23
831.00	0.00	205.6725	1.23
831.50	0.00	205.7438	1.23
832.00	0.00	205.8147	1.23
832.50	0.00	205.8850	1.23
833.00	0.00	205.9548	1.23
833.50	0.00	206.0240	1.23
834.00	0.00	206.0927	1.23
834.50	0.00	206.1609	1.23
835.00	0.00	206.2285	1.23
835.50	0.00	206.2956	1.23
836.00	0.00	206.3622	1.23
836.50	0.00	206.4282	1.23
837.00	0.00	206.4936	1.23
837.50	0.00	206.5586	1.23
838.00	0.00	206.6230	1.23
838.50	0.00	206.6868	1.23
839.00	0.00	206.7501	1.23
839.50	0.00	206.8128	1.23
840.00	0.00	206.8750	1.23
840.50	0.00	206.9367	1.23
841.00	0.00	206.9977	1.23
841.50	0.00	207.0583	1.23
842.00	0.00	207.1183	1.23
842.50	0.00	207.1777	1.23
843.00	0.00	207.2366	1.23
843.50	0.00	207.2949	1.23
844.00	0.00	207.3526	1.23
844.50	0.00	207.4098	1.23
845.00	0.00	207.4664	1.23
845.50	0.00	207.5225	1.23
846.00	0.00	207.5780	1.23
846.50	0.00	207.6329	1.23
847.00	0.00	207.6873	1.23
847.50	0.00	207.7411	1.23
848.00	0.00	207.7943	1.23
848.50	0.00	207.8470	1.23
849.00	0.00	207.8991	1.23
849.50	0.00	207.9506	1.23
850.00	0.00	208.0016	1.23
850.50	0.00	208.0519	1.23
851.00	0.00	208.1017	1.23
851.50	0.00	208.1509	1.23
852.00	0.00	208.1995	1.23
852.50	0.00	208.2476	1.23
853.00	0.00	208.2951	1.23
853.50	0.00	208.3419	1.23
854.00	0.00	208.3882	1.23
854.50	0.00	208.4340	1.23
855.00	0.00	208.4791	1.23
855.50	0.00	208.5236	1.23
856.00	0.00	208.5676	1.23
856.50	0.00	208.6109	1.23
857.00	0.00	208.6537	1.23
857.50	0.00	208.6959	1.23
858.00	0.00	208.7375	1.23
858.50	0.00	208.7784	1.23
859.00	0.00	208.8188	1.23
859.50	0.00	208.8586	1.23
860.00	0.00	208.8978	1.23
860.50	0.00	208.9364	1.23
861.00	0.00	208.9744	1.23
861.50	0.00	209.0117	1.23
862.00	0.00	209.0485	1.23
862.50	0.00	209.0847	1.23
863.00	0.00	209.1202	1.23
863.50	0.00	209.1552	1.23
864.00	0.00	209.1895	1.23
864.50	0.00	209.2233	1.23
865.00	0.00	209.2564	1.23
865.50	0.00	209.2889	1.23
866.00	0.00	209.3208	1.23
866.50	0.00	209.3521	1.23
867.00	0.00	209.3827	1.23
867.50	0.00	209.4127	1.23
868.00	0.00	209.4422	1.23
868.50	0.00	209.4710	1.23
869.00	0.00	209.4991	1.23
869.50	0.00	209.5267	1.23
870.00	0.00	209.5536	1.23
870.50	0.00	209.5799	1.23
871.00	0.00	209.6056	1.23
871.50	0.00	209.6306	1.23
872.00	0.00	209.6550	1.23
872.50	0.00	209.6788	1.23
873.00	0.00	209.7020	1.23
873.50	0.00	209.7245	1.23
874.00	0.00	209.7464	1.23
874.50	0.00	209.7676	1.23
875.00	0.00	209.7883	1.23
875.50	0.00	209.8082	1.23
876.00	0.00	209.8276	1.23
876.50	0.00	209.8463	1.23
877.00	0.00	209.8643	1.23
877.50	0.00	209.8817	1.23
878.00	0.00	209.8985	1.23
878.50	0.00	209.9146	1.23
879.00	0.00	209.9301	1.23
879.50	0.00	209.9450	1.23
880.00	0.00	209.9591	1.23
880.50	0.00	209.9727	1.23
881.00	0.00	209.9856	1.23
881.50	0.00	209.9978	1.23
882.00	0.00	210.0094	1.23
882.50	0.00	210.0203	1.23
883.00	0.00	210.0306	1.23
883.50	0.00	210.0402	1.23
884.00	0.00	210.0492	1.23
884.50	0.00	210.0575	1.23
885.00	0.00	210.0652	1.23
885.50	0.00	210.0722	1.23
886.00	0.00	210.0785	1.23
886.50	0.00	210.0842	1.23
887.00	0.00	210.0892	1.23
887.50	0.00	210.0935	1.23
888.00	0.00	210.0972	1.23
888.50	0.00	210.1002	1.23
889.00	0.00	210.1026	1.23
889.50	0.00	210.1043	1.23
890.00	0.00	210.1053	1.23
890.50	0.00	210.1056	1.23
891.00	0.00	210.1053	1.23
891.50	0.00	210.1043	1.23
892.00	0.00	210.1027	1.23
892.50	0.00	210.1004	1.23
893.00	0.00	210.0974	1.23
893.50	0.00	210.0937	1.23
894.00	0.00	210.0893	1.23
894.50	0.00	210.0843	1.23
895.00	0.00	210.0786	1.23
895.50	0.00	210.0722	1.23
896.00	0.00	210.0652	1.23
896.50	0.00	210.0575	1.23
897.00	0.00	210.0491	1.23
897.50	0.00	210.0400	1.23
898.00	0.00	210.0302	1.23
898.50	0.00	210.0198	1.23
899.00	0.00	210.0086	1.23
899.50	0.00	209.9968	1.23
900.00	0.00	209.9843	1.23
900.50	0.00	209.0132	3.51
901.00	0.00	209.0233	3.51
901.50	0.00	209.0332	3.51
902.00	0.00	209.0426	3.51
902.50	0.00	209.0518	3.51
903.00	0.00	209.0606	3.51
903.50	0.00	209.0690	3.51
904.00	0.00	209.0771	3.51
904.50	0.00	209.0849	3.51
905.00	0.00	209.0923	3.51
905.50	0.00	209.0994	3.51
906.00	0.00	209.1061	3.51
906.50	0.00	209.1125	3.51
907.00	0.00	209.1186	3.51
907.50	0.00	209.1244	3.51
908.00	0.00	209.1298	3.51
908.50	0.00	209.1348	3.51
909.00	0.00	209.1396	3.51
909.50	0.00	209.1440	3.51
910.00	0.00	209.1480	3.51
910.50	0.00	209.1518	3.51
911.00	0.00	209.1552	3.51
911.50	0.00	209.1583	3.51
912.00	0.00	209.1610	3.51
912.50	0.00	209.1634	3.51
913.00	0.00	209.1655	3.51
913.50	0.00	209.1673	3.51
914.00	0.00	209.1687	3.51
914.50	0.00	209.1698	3.51
915.00	0.00	209.1706	3.51
915.50	0.00	209.1711	3.51
916.00	0.00	209.1712	3.51
916.50	0.00	209.1710	3.51
917.00	0.00	209.1705	3.51
917.50	0.00	209.1697	3.51
918.00	0.00	209.1685	3.51
918.50	0.00	209.1670	3.51
919.00	0.00	209.1652	3.51
919.50	0.00	209.1631	3.51
920.00	0.00	209.1607	3.51
920.50	0.00	209.1579	3.51
921.00	0.00	209.1549	3.51
921.50	0.00	209.1515	3.51
922.00	0.00	209.1478	3.51
922.50	0.00	209.1438	3.51
923.00	0.00	209.1394	3.51
923.50	0.00	209.1348	3.51
924.00	0.00	209.1299	3.51
924.50	0.00	209.1246	3.51
925.00	0.00	209.1190	3.51
925.50	0.00	209.1131	3.51
926.00	0.00	209.1069	3.51
926.50	0.00	209.1004	3.51
927.00	0.00	209.0936	3.51
927.50	0.00	209.0865	3.51
928.00	0.00	209.0791	3.51
928.50	0.00	209.0713	3.51
929.00	0.00	209.0633	3.51
929.50	0.00	209.0549	3.51
930.00	0.00	209.0463	3.51
930.50	0.00	209.0373	3.51
931.00	0.00	209.0281	3.51
931.50	0.00	209.0185	3.51
932.00	0.00	209.0087	3.51
932.50	0.00	208.9985	3.51
933.00	0.00	208.9881	3.51
933.50	0.00	208.9773	3.51
934.00	0.00	208.9662	3.51
934.50	0.00	208.9549	3.51
935.00	0.00	208.9432	3.51
935.50	0.00	208.9313	3.51
936.00	0.00	208.9190	3.51
936.50	0.00	208.9065	3.51
937.00	0.00	208.8937	3.51
937.50	0.00	208.8805	3.51
938.00	0.00	208.8671	3.51
938.50	0.00	208.8534	3.51
939.00	0.00	208.8394	3.51
939.50	0.00	208.8251	3.51
940.00	0.00	208.8105	3.51
940.50	0.00	208.7957	3.51
941.00	0.00	208.7805	3.51
941.50	0.00	208.7651	3.51
942.00	0.00	208.7493	3.51
942.50	0.00	208.7333	3.51
943.00	0.00	208.7170	3.51
943.50	0.00	208.7004	3.51
944.00	0.00	208.6835	3.51
944.50	0.00	208.6664	3.51
945.00	0.00	208.6489	3.51
945.50	0.00	208.6312	3.51
946.00	0.00	208.6132	3.51
946.50	0.00	208.5949	3.51
947.00	0.00	208.5763	3.51
947.50	0.00	208.5575	3.51
948.00	0.00	208.5383	3.51
948.50	0.00	208.5189	3.51
949.00	0.00	208.4992	3.51
949.50	0.00	208.4793	3.51
950.00	0.00	208.4590	3.51
950.50	0.00	208.4385	3.51
951.00	0.00	208.4177	3.51
951.50	0.00	208.3967	3.51
952.00	0.00	208.3753	3.51
952.50	0.00	208.3537	3.51
953.00	0.00	208.3319	3.51
953.50	0.00	208.3097	3.51
954.00	0.00	208.2873	3.51
954.50	0.00	208.2646	3.51
955.00	0.00	208.2416	3.51
955.50	0.00	208.2184	3.51
956.00	0.00	208.1949	3.51
956.50	0.00	208.1711	3.51
957.00	0.00	208.1471	3.51
957.50	0.00	208.1228	3.51
958.00	0.00	208.0983	3.51
958.50	0.00	208.0734	3.51
959.00	0.00	208.0483	3.51
959.50	0.00	208.0230	3.51
960.00	0.00	207.9974	3.51
960.50	0.00	207.9715	3.51
961.00	0.00	207.9454	3.51
961.50	0.00	207.9190	3.51
962.00	0.00	207.8923	3.51
962.50	0.00	207.8654	3.51
963.00	0.00	207.8382	3.51
963.50	0.00	207.8108	3.51
964.00	0.00	207.7831	3.51
964.50	0.00	207.7552	3.51
965.00	0.00	207.7270	3.51
965.50	0.00	207.6985	3.51
966.00	0.00	207.6698	3.51
966.50	0.00	207.6408	3.51
967.00	0.00	207.6116	3.51
967.50	0.00	207.5821	3.51
968.00	0.00	207.5524	3.51
968.50	0.00	207.5225	3.51
969.00	0.00	207.4922	3.51
969.50	0.00	207.4618	3.51
970.00	0.00	207.4311	3.51
970.50	0.00	207.4001	3.51
971.00	0.00	207.3689	3.51
971.50	0.00	207.3374	3.51
972.00	0.00	207.3057	3.51
972.50	0.00	207.2738	3.51
973.00	0.00	207.2416	3.51
973.50	0.00	207.2091	3.51
974.00	0.00	207.1764	3.51
974.50	0.00	207.1435	3.51
975.00	0.00	207.1103	3.51
975.50	0.00	207.0769	3.51
976.00	0.00	207.0433	3.51
976.50	0.00	207.0094	3.51
977.00	0.00	206.9753	3.51
977.50	0.00	206.9409	3.51
978.00	0.00	206.9063	3.51
978.50	0.00	206.8714	3.51
979.00	0.00	206.8363	3.51
979.50	0.00	206.8010	3.51
980.00	0.00	206.7655	3.51
980.50	0.00	206.7297	3.51
981.00	0.00	206.6937	3.51
981.50	0.00	206.6574	3.51
982.00	0.00	206.6209	3.51
982.50	0.00	206.5842	3.51
983.00	0.00	206.5473	3.51
983.50	0.00	206.5101	3.51
984.00	0.00	206.4727	3.51
984.50	0.00	206.4350	3.51
985.00	0.00	206.3971	3.51
985.50	0.00	206.3590	3.51
986.00	0.00	206.3207	3.51
986.50	0.00	206.2822	3.51
987.00	0.00	206.2434	3.51
987.50	0.00	206.2044	3.51
988.00	0.00	206.1651	3.51
988.50	0.00	206.1257	3.51
989.00	0.00	206.0860	3.51
989.50	0.00	206.0461	3.51
990.00	0.00	206.0060	3.51
990.50	0.00	205.9656	3.51
991.00	0.00	205.9251	3.51
991.50	0.00	205.8843	3.51
992.00	0.00	205.8433	3.51
992.50	0.00	205.8020	3.51
993.00	0.00	205.7606	3.51
993.50	0.00	205.7189	3.51
994.00	0.00	205.6771	3.51
994.50	0.00	205.6350	3.51
995.00	0.00	205.5926	3.51
995.50	0.00	205.5501	3.51
996.00	0.00	205.5074	3.51
996.50	0.00	205.4644	3.51
997.00	0.00	205.4212	3.51
997.50	0.00	205.3779	3.51
998.00	0.00	205.3343	3.51
998.50	0.00	205.2905	3.51
999.00	0.00	205.2464	3.51
999.50	0.00	205.2022	3.51
1000.00	0.00	205.1578	3.51
[END_OF_LAMPDATA]

[AMBIENT_TEMP]
21.0

[CALDATA]
0	302.17	5.000000	0	12.000000	0.000000	128.000000	0	64.000000	0
1	305.49	0.048884	8.12	0.020696	0.019888	89.29	1.04	92.21	1.78
2	308.81	0.053821	9.39	0.020628	0.020007	113.49	0.72	115.41	2.65
3	312.13	0.061381	5.99	0.020589	0.019977	143.79	0.96	146.61	2.04
4	315.45	0.066460	6.53	0.020576	0.020144	182.29	1.38	181.21	2.71
5	318.78	0.076921	4.83	0.020598	0.020421	230.19	1.15	230.81	2.48
6	322.10	0.085974	3.90	0.020605	0.020277	284.89	1.26	285.61	2.31
7	325.42	0.099259	4.27	0.020606	0.020396	355.49	1.01	360.21	3.41
8	328.75	0.108877	2.67	0.020609	0.020209	449.69	1.05	445.21	1.88
9	332.07	0.127683	2.40	0.020607	0.020201	561.59	1.15	564.61	1.81
10	335.40	0.145313	2.72	0.020599	0.020167	701.89	1.19	704.81	3.21
11	338.73	0.165003	2.27	0.020580	0.020245	872.89	1.13	875.61	2.28
12	342.05	0.182997	2.12	0.020604	0.020255	1062.59	1.24	1062.41	1.80
13	345.38	0.200251	2.14	0.020604	0.020152	1265.69	1.07	1265.21	2.40
14	348.71	0.214876	2.12	0.020604	0.020263	1459.39	1.51	1466.41	2.57
15	352.04	0.220637	2.09	0.020594	0.020312	1627.19	1.09	1633.21	2.54
16	355.37	0.218646	2.08	0.020605	0.020294	1757.89	1.37	1757.21	2.53
17	358.70	0.213426	2.07	0.020604	0.020019	1843.59	1.25	1847.01	2.56
18	362.03	0.205818	2.05	0.020597	0.020097	1901.39	1.19	1911.81	2.15
19	365.36	0.195289	2.06	0.020606	0.020068	1958.09	1.64	1959.61	2.46
20	368.70	0.189271	2.06	0.020601	0.020027	2024.29	1.26	2032.21	2.71
21	372.03	0.183848	2.03	0.020600	0.020109	2124.19	1.54	2123.81	2.01
22	375.36	0.184346	2.07	0.020610	0.020300	2264.29	1.57	2271.01	3.20
23	378.70	0.186505	2.04	0.020605	0.020275	2454.79	1.03	2458.01	2.59
24	382.03	0.193517	2.01	0.020589	0.020074	2694.29	1.37	2708.81	2.59
25	385.37	0.201441	2.00	0.020617	0.020051	2995.09	1.26	3006.81	3.16
26	388.70	0.211240	1.95	0.020607	0.020345	3354.49	1.40	3360.01	2.46
27	392.04	0.224661	1.92	0.020602	0.020224	3792.49	1.22	3796.41	2.64
28	395.37	0.241218	1.90	0.020586	0.020066	4303.69	1.32	4315.01	2.60
29	398.71	0.258820	1.87	0.020595	0.020156	4887.99	1.25	4901.61	2.74
30	402.05	0.277840	1.84	0.020593	0.020232	5557.09	1.21	5568.41	2.61
31	405.39	0.299001	1.82	0.020608	0.020024	6308.19	1.37	6325.01	2.34
32	408.72	0.319496	1.79	0.020611	0.019973	7117.39	1.63	7132.81	2.37
33	412.06	0.339504	1.77	0.020604	0.020299	7967.09	1.44	7985.01	2.80
34	415.40	0.357257	1.74	0.020599	0.020009	8829.19	1.59	8845.81	1.94
35	418.74	0.371761	1.72	0.020602	0.019975	9656.99	1.40	9675.61	3.04
36	422.08	0.381935	1.70	0.020591	0.020123	10415.49	1.49	10436.61	2.50
37	425.42	0.387953	1.67	0.020613	0.020210	11086.09	1.73	11114.01	2.05
38	428.76	0.388892	1.65	0.020586	0.020121	11651.59	2.20	11677.21	2.64
39	432.10	0.386695	1.63	0.020607	0.020145	12124.99	1.61	12152.81	3.17
40	435.45	0.382199	1.61	0.020605	0.020155	12516.39	1.51	12552.81	2.24
41	438.79	0.374626	1.59	0.020610	0.020026	12823.09	1.24	12857.21	2.67
42	442.13	0.366076	1.58	0.020613	0.020101	13083.49	2.17	13115.61	2.46
43	445.47	0.357056	1.58	0.020625	0.020257	13307.59	1.72	13339.81	2.78
44	448.82	0.347935	1.58	0.020614	0.020140	13502.69	1.44	13539.01	2.59
45	452.16	0.339686	1.58	0.020600	0.019990	13724.79	1.38	13760.21	2.74
46	455.50	0.333188	1.58	0.020606	0.020048	13993.19	2.22	14033.21	2.96
47	458.85	0.328397	1.58	0.020603	0.020135	14330.89	1.65	14372.41	3.76
48	462.19	0.325650	1.58	0.020604	0.020144	14761.59	2.20	14801.21	3.34
49	465.54	0.324967	1.58	0.020608	0.020154	15286.09	2.06	15325.41	3.59
50	468.88	0.326499	1.57	0.020591	0.020229	15903.99	2.11	15953.61	2.75
51	472.22	0.328952	1.57	0.020616	0.020059	16590.39	1.40	16646.21	3.06
52	475.57	0.330933	1.57	0.020614	0.020211	17287.49	2.29	17340.01	3.13
53	478.91	0.332734	1.57	0.020617	0.020265	17962.79	1.96	18025.41	3.82
54	482.26	0.334417	1.57	0.020622	0.020049	18664.09	2.12	18727.41	2.69
55	485.61	0.337124	1.57	0.020611	0.020164	19417.89	2.27	19492.01	3.37
56	488.95	0.340587	1.57	0.020619	0.020131	20252.09	2.04	20327.81	2.97
57	492.30	0.345652	1.57	0.020591	0.020404	21196.19	1.50	21277.81	3.52
58	495.64	0.351900	1.57	0.020609	0.020334	22234.79	1.70	22325.41	3.43
59	498.99	0.359520	1.57	0.020622	0.020537	23391.09	1.75	23491.81	4.61
60	502.34	0.368712	1.57	0.020626	0.020477	24678.99	2.37	24794.61	2.70
61	505.68	0.378577	1.57	0.020608	0.020347	26074.59	3.20	26195.21	3.24
62	509.03	0.389663	1.57	0.020603	0.020238	27561.19	3.15	27706.81	4.32
63	512.38	0.400758	1.57	0.020607	0.020062	29130.99	1.42	29284.61	3.53
64	515.72	0.411689	1.57	0.020621	0.019918	30707.89	2.75	30884.01	3.38
65	519.07	0.421964	1.57	0.020612	0.020104	32281.09	2.63	32480.01	3.48
66	522.42	0.431263	1.57	0.020628	0.020096	33822.09	3.48	34043.61	2.09
67	525.76	0.439029	1.57	0.020619	0.020274	35285.69	3.03	35526.41	4.00
68	529.11	0.444814	1.57	0.020621	0.020153	36613.19	2.99	36875.61	3.69
69	532.46	0.448038	1.57	0.020625	0.020483	37750.59	2.74	38033.21	3.95
70	535.80	0.447718	1.57	0.020628	0.020221	38600.09	3.51	38899.21	2.92
71	539.15	0.444347	1.57	0.020612	0.020259	39185.19	2.98	39496.41	3.26
72	542.50	0.438001	1.57	0.020607	0.020221	39499.29	3.05	39815.41	3.77
73	545.85	0.429267	1.57	0.020618	0.020069	39571.99	2.80	39889.21	3.43
74	549.19	0.419482	1.57	0.020629	0.020241	39497.39	2.90	39821.21	4.99
75	552.54	0.408975	1.57	0.020632	0.020206	39328.89	3.11	39650.81	4.38
76	555.89	0.398253	1.57	0.020630	0.020331	39085.89	3.33	39410.61	3.12
77	559.23	0.387383	1.57	0.020612	0.020225	38807.69	2.94	39122.81	4.80
78	562.58	0.377176	1.57	0.020613	0.020392	38527.59	3.46	38845.61	3.08
79	565.93	0.367147	1.57	0.020610	0.020123	38236.79	2.86	38550.81	4.03
80	569.27	0.357809	1.57	0.020599	0.020375	37960.19	3.43	38279.01	5.06
81	572.62	0.348634	1.57	0.020619	0.020180	37676.59	2.33	37992.61	4.19
82	575.97	0.339342	1.57	0.020630	0.020254	37336.09	2.32	37651.41	2.86
83	579.31	0.330272	1.57	0.020630	0.020346	36990.89	2.69	37300.41	3.31
84	582.66	0.321174	1.57	0.020627	0.020184	36587.69	2.73	36899.21	4.49
85	586.00	0.312023	1.57	0.020624	0.020360	36168.29	3.25	36467.01	4.50
86	589.35	0.304363	1.57	0.020634	0.020523	35855.29	3.30	36157.61	3.39
87	592.70	0.299306	1.57	0.020632	0.020280	35809.99	3.31	36123.61	3.85
88	596.04	0.296104	1.57	0.020634	0.020243	35993.49	2.61	36307.01	3.62
89	599.39	0.294227	1.57	0.020636	0.020180	36316.59	2.77	36635.21	4.34
90	602.73	0.293272	1.57	0.020630	0.020039	36719.09	3.69	37056.21	4.38
91	606.08	0.293024	1.57	0.020623	0.020432	37205.39	2.36	37560.81	3.97
92	609.42	0.292907	1.57	0.020625	0.020158	37731.19	3.01	38091.01	4.73
93	612.77	0.292631	1.56	0.020636	0.020229	38195.79	3.93	38577.41	4.38
94	616.11	0.291183	1.56	0.020639	0.020345	38526.09	4.06	38914.61	3.72
95	619.45	0.288329	1.56	0.020625	0.020461	38662.59	2.32	39053.61	4.28
96	622.80	0.284014	1.56	0.020630	0.020424	38586.79	3.04	38977.41	2.54
97	626.14	0.278735	1.56	0.020628	0.020323	38354.99	2.93	38745.21	4.50
98	629.48	0.273233	1.56	0.020636	0.020327	38087.79	2.21	38467.41	4.59
99	632.83	0.267987	1.56	0.020638	0.020386	37817.89	2.97	38194.41	4.98
100	636.17	0.263471	1.56	0.020629	0.020117	37630.59	2.69	38004.21	4.63
101	639.51	0.259914	1.56	0.020632	0.020196	37560.09	3.51	37932.61	3.95
102	642.85	0.257092	1.56	0.020627	0.020446	37578.59	2.73	37951.61	4.00
103	646.19	0.255335	1.56	0.020633	0.019991	37733.89	3.55	38112.01	3.69
104	649.53	0.254010	1.56	0.020638	0.020446	37946.19	2.62	38328.21	4.38
105	652.88	0.252379	1.56	0.020643	0.020184	38093.99	2.19	38483.81	3.71
106	656.22	0.249657	1.56	0.020628	0.020296	38071.09	2.72	38463.81	3.39
107	659.56	0.246778	1.56	0.020657	0.020533	38015.49	2.35	38408.21	3.89
108	662.89	0.244655	1.56	0.020640	0.020439	38080.59	3.43	38465.81	3.35
109	666.23	0.243451	1.56	0.020636	0.020312	38253.19	2.57	38644.81	3.95
110	669.57	0.242720	1.56	0.020645	0.020310	38488.29	3.55	38889.01	4.93
111	672.91	0.242196	1.56	0.020662	0.020243	38737.89	3.20	39153.61	3.76
112	676.25	0.241835	1.56	0.020636	0.020205	39029.19	2.52	39449.01	4.42
113	679.59	0.241434	1.56	0.020622	0.020214	39309.59	2.78	39732.61	4.54
114	682.92	0.240985	1.56	0.020633	0.020412	39556.89	2.28	39992.41	3.83
115	686.26	0.240444	1.56	0.020629	0.020190	39802.79	2.96	40240.41	3.85
116	689.59	0.239646	1.56	0.020635	0.020492	39979.49	2.51	40428.61	4.29
117	692.93	0.238355	1.56	0.020651	0.020171	40092.49	3.59	40538.81	3.55
118	696.26	0.237117	1.56	0.020638	0.020262	40183.59	4.20	40638.41	3.71
119	699.60	0.235528	1.56	0.020644	0.020285	40229.79	2.85	40680.61	4.64
120	702.93	0.233828	1.56	0.020636	0.020404	40232.29	3.00	40686.61	5.36
121	706.26	0.232190	1.56	0.020632	0.020233	40228.79	3.32	40690.41	3.95
122	709.60	0.230469	1.56	0.020624	0.020256	40223.19	3.68	40681.21	4.23
123	712.93	0.228846	1.56	0.020637	0.020142	40214.49	2.41	40674.61	4.51
124	716.26	0.227437	1.56	0.020640	0.020334	40235.49	2.91	40697.81	4.61
125	719.59	0.225952	1.56	0.020634	0.020249	40238.19	2.93	40700.81	3.01
126	722.92	0.224526	1.56	0.020639	0.020091	40224.99	2.93	40697.21	4.39
127	726.25	0.223003	1.56	0.020640	0.020088	40206.99	3.91	40678.21	4.49
128	729.58	0.221080	1.56	0.020645	0.020158	40113.49	2.82	40580.21	4.71
129	732.91	0.218780	1.56	0.020615	0.020216	39933.69	3.27	40399.41	4.06
130	736.24	0.216199	1.56	0.020642	0.020223	39690.69	3.32	40155.81	4.10
131	739.56	0.213038	1.56	0.020661	0.020381	39343.39	2.83	39800.21	3.00
132	742.89	0.209651	1.56	0.020644	0.020360	38939.39	2.45	39389.21	4.36
133	746.21	0.206029	1.56	0.020651	0.020262	38485.09	2.41	38925.01	3.80
134	749.54	0.202428	1.56	0.020636	0.020185	38014.99	3.08	38449.01	4.66
135	752.86	0.198792	1.56	0.020638	0.020335	37530.99	3.70	37957.01	4.95
136	756.19	0.195269	1.56	0.020655	0.020436	37064.29	3.21	37479.01	3.61
137	759.51	0.191797	1.56	0.020653	0.020358	36593.89	2.90	36998.81	3.68
138	762.83	0.188436	1.56	0.020646	0.020345	36144.09	2.47	36534.41	3.57
139	766.15	0.185351	1.56	0.020654	0.020250	35713.39	2.87	36101.81	3.70
140	769.47	0.182216	1.56	0.020650	0.020413	35265.99	2.70	35651.21	4.53
141	772.79	0.178890	1.56	0.020656	0.020331	34789.39	2.43	35162.41	3.36
142	776.11	0.175374	1.56	0.020643	0.020116	34253.69	2.45	34620.41	4.72
143	779.43	0.171163	1.56	0.020650	0.020428	33586.69	2.52	33938.41	3.81
144	782.75	0.166518	1.56	0.020653	0.020427	32813.59	2.78	33154.41	3.31
145	786.06	0.161050	1.56	0.020655	0.020529	31888.69	2.86	32206.01	3.80
146	789.38	0.155197	1.56	0.020626	0.020294	30838.29	2.83	31149.81	3.67
147	792.69	0.148876	1.56	0.020645	0.020287	29721.59	2.21	30006.81	3.10
148	796.01	0.142461	1.56	0.020632	0.020285	28560.89	2.40	28826.01	2.66
149	799.32	0.135956	1.56	0.020644	0.020593	27379.59	2.65	27619.41	4.32
150	802.63	0.129750	1.56	0.020651	0.020290	26226.19	1.87	26451.61	3.88
151	805.94	0.123843	1.56	0.020667	0.020099	25133.19	1.74	25339.21	3.36
152	809.25	0.118261	1.56	0.020626	0.020388	24088.99	2.11	24279.61	2.28
153	812.56	0.113159	1.56	0.020649	0.020264	23122.89	2.49	23304.01	2.86
154	815.87	0.108393	1.56	0.020652	0.020240	22228.39	1.70	22394.81	2.53
155	819.18	0.104029	1.56	0.020648	0.020445	21388.79	2.45	21551.01	3.46
156	822.49	0.099949	1.56	0.020645	0.020465	20617.99	1.77	20767.61	2.88
157	825.79	0.096043	1.56	0.020633	0.020670	19870.59	1.61	20010.81	2.62
158	829.10	0.092374	1.56	0.020647	0.020281	19166.19	2.28	19297.21	2.63
159	832.40	0.088893	1.56	0.020660	0.020338	18495.49	1.63	18617.41	2.75
160	835.70	0.085440	1.56	0.020653	0.020565	17827.79	1.89	17939.41	2.87
161	839.00	0.082114	1.56	0.020642	0.020428	17163.79	1.73	17274.01	3.31
162	842.30	0.078789	1.56	0.020640	0.020513	16511.39	2.44	16612.21	2.84
163	845.60	0.075516	1.56	0.020654	0.020414	15862.09	2.06	15955.01	2.34
164	848.90	0.072393	1.56	0.020646	0.020128	15226.89	1.86	15318.81	2.91
165	852.20	0.069341	1.56	0.020652	0.020594	14609.69	1.77	14697.01	2.48
166	855.50	0.066341	1.56	0.020639	0.020368	14008.59	1.41	14087.01	3.86
167	858.79	0.063530	1.56	0.020638	0.020199	13437.09	1.87	13510.21	2.18
168	862.09	0.060875	1.56	0.020655	0.020459	12893.79	1.65	12962.61	2.94
169	865.38	0.058375	1.56	0.020650	0.020504	12376.29	1.51	12443.01	3.39
170	868.67	0.056046	1.56	0.020659	0.020324	11898.19	1.49	11960.21	3.19
171	871.96	0.053950	1.56	0.020653	0.020259	11455.89	1.05	11519.01	2.14
172	875.25	0.051864	1.56	0.020640	0.020253	11040.89	1.68	11091.41	2.05
173	878.54	0.050026	1.56	0.020650	0.020272	10656.49	1.68	10704.81	2.42
174	881.83	0.048390	1.56	0.020657	0.020411	10307.39	1.70	10356.61	3.20
175	885.11	0.046738	1.56	0.020661	0.020655	9972.09	1.71	10012.81	2.97
176	888.40	0.045324	1.56	0.020620	0.020346	9657.89	1.76	9704.41	3.23
177	891.68	0.043853	1.56	0.020650	0.020599	9354.09	1.78	9394.41	2.08
178	894.97	0.042435	1.56	0.020637	0.020711	9055.09	1.10	9091.81	3.10
179	898.25	0.041165	1.56	0.020655	0.020680	8762.99	1.37	8808.01	2.09
180	901.53	0.039896	3.64	0.020644	0.020255	8473.89	1.77	8506.81	2.18
181	904.81	0.038485	3.64	0.020654	0.020377	8174.59	1.99	8207.21	2.30
182	908.09	0.037105	3.64	0.020643	0.020412	7879.29	1.42	7912.61	2.39
183	911.36	0.035738	3.64	0.020652	0.020502	7588.69	1.06	7621.41	2.27
184	914.64	0.034394	3.65	0.020648	0.020413	7292.49	1.24	7329.61	3.36
185	917.91	0.033029	3.64	0.020664	0.020778	7010.49	1.78	7042.41	2.79
186	921.18	0.031680	3.65	0.020619	0.020388	6737.49	1.35	6761.21	3.65
187	924.46	0.030444	3.64	0.020638	0.020370	6464.39	1.55	6491.81	3.06
188	927.73	0.029191	3.64	0.020632	0.020295	6196.19	1.29	6223.01	3.02
189	931.00	0.027913	3.64	0.020650	0.020337	5921.49	1.27	5948.01	2.01
190	934.26	0.026552	3.64	0.020631	0.020371	5639.79	1.78	5660.61	2.13
191	937.53	0.025198	3.64	0.020662	0.020300	5348.79	1.16	5369.21	1.80
192	940.79	0.023878	3.64	0.020636	0.020370	5072.29	1.34	5088.61	2.04
193	944.06	0.022688	3.65	0.020648	0.020455	4818.29	1.40	4833.21	2.34
194	947.32	0.021734	3.64	0.020627	0.020542	4598.69	1.14	4620.21	2.19
195	950.58	0.020698	3.65	0.020649	0.020443	4397.49	1.70	4407.61	2.64
196	953.84	0.019859	3.65	0.020633	0.020507	4210.19	1.23	4223.01	3.30
197	957.10	0.019041	3.64	0.020665	0.020484	4031.79	1.22	4045.01	1.87
198	960.35	0.018206	3.65	0.020645	0.020295	3856.39	1.16	3866.81	1.91
199	963.61	0.017435	3.65	0.020653	0.020382	3695.59	1.06	3702.81	2.44
200	966.86	0.016785	3.64	0.020646	0.020691	3540.39	1.09	3554.41	1.67
201	970.12	0.016072	3.65	0.020642	0.020155	3393.89	1.34	3403.81	2.37
202	973.37	0.015447	3.66	0.020636	0.020429	3252.79	1.40	3265.21	3.15
203	976.62	0.014793	3.65	0.020665	0.020364	3116.09	1.36	3125.81	2.30
204	979.86	0.014152	3.65	0.020652	0.020479	2976.79	1.43	2986.61	1.89
205	983.11	0.013451	3.66	0.020639	0.020310	2835.99	1.00	2840.41	2.73
206	986.35	0.012844	3.65	0.020631	0.020146	2696.89	1.22	2705.01	2.11
207	989.60	0.012152	3.65	0.020649	0.020409	2553.89	1.10	2558.81	1.90
208	992.84	0.011489	3.66	0.020638	0.020230	2407.19	1.46	2414.01	2.00
209	996.08	0.010782	3.67	0.020651	0.020334	2254.69	1.50	2261.81	2.67
210	999.32	0.010059	3.68	0.020645	0.020291	2101.39	1.24	2107.61	2.64
211	1002.55	0.009316	3.67	0.020657	0.020337	1941.89	1.17	1948.41	2.41
212	1005.79	0.000000	1.16	0.020636	0.020234	1774.19	0.77	1775.61	2.84
213	1009.02	0.000000	1.15	0.020652	0.020406	1601.99	0.94	1602.41	2.46
214	1012.26	0.000000	1.18	0.020660	0.020377	1429.99	1.16	1438.41	2.45
215	1015.49	0.000000	1.15	0.020660	0.020248	1262.59	1.42	1266.01	1.90
216	1018.72	0.000000	1.30	0.020653	0.020296	1103.19	1.08	1105.41	2.39
217	1021.94	0.000000	1.47	0.020658	0.020379	949.79	1.45	952.81	2.57
218	1025.17	0.000000	1.61	0.020642	0.020371	809.59	0.87	811.21	2.60
219	1028.39	0.000000	1.75	0.020659	0.020396	681.29	1.36	686.61	2.45
220	1031.62	0.000000	1.93	0.020638	0.020586	570.09	1.23	567.61	2.29
221	1034.84	0.000000	1.71	0.020655	0.020447	464.69	1.11	466.61	1.56
222	1038.05	0.000000	3.09	0.020641	0.020326	374.99	1.43	372.41	2.62
223	1041.27	0.000000	3.12	0.020666	0.020285	297.39	1.04	297.41	2.15
224	1044.49	0.000000	4.75	0.020630	0.020181	233.09	1.09	233.61	2.67
225	1047.70	0.000000	3.62	0.020656	0.020502	173.59	1.30	175.81	1.41
226	1050.91	0.000000	7.60	0.020657	0.020274	130.49	0.90	133.81	2.54
227	1054.12	0.000000	6.73	0.020651	0.020316	96.29	1.28	100.41	1.62
228	1057.33	0.000000	13.90	0.020652	0.020431	68.09	1.09	68.61	2.33
229	1060.54	0.000000	19.12	0.020657	0.020411	48.59	1.36	45.21	1.88
230	1063.74	0.000000	31.93	0.020641	0.020283	34.29	1.27	35.81	2.91
231	1066.95	0.000000	34.58	0.020653	0.020175	25.89	1.21	28.41	2.60
232	1070.15	0.000000	101.34	0.020646	0.020259	22.09	1.38	15.01	1.89
233	1073.35	0.000000	54.40	0.020667	0.020036	17.59	1.01	16.21	1.95
234	1076.55	0.000000	40.58	0.020636	0.020243	12.99	0.98	14.01	1.44
235	1079.74	0.000000	76.84	0.020672	0.020280	8.29	1.49	11.81	2.85
236	1082.94	0.000000	382.69	0.020647	0.020445	6.99	1.06	4.81	2.46
237	1086.13	0.000000	107.12	0.020662	0.020208	4.09	1.20	6.41	2.26
238	1089.32	0.000000	242.51	0.020647	0.020235	3.99	1.06	3.61	1.89
239	1092.51	0.000000	761.88	0.020667	0.020339	3.59	1.28	2.41	2.26
240	1095.70	0.000000	634.57	0.020652	0.020294	3.49	1.16	2.61	2.69
241	1098.88	0.000000	164.11	0.020666	0.020243	1.49	1.08	3.41	2.12
242	1102.06	0.000000	113.66	0.020650	0.020172	-0.21	1.13	4.21	2.39
243	1105.24	0.000000	133.02	0.020638	0.020337	-0.41	1.61	3.01	1.98
244	1108.42	0.000000	46.66	0.020659	0.020334	-0.11	1.24	-10.39	2.33
245	1111.60	0.000000	442.38	0.020659	0.020095	1.29	1.40	1.81	2.48
246	1114.77	0.000000	230.78	0.020661	0.020567	-2.21	0.99	-3.19	2.35
247	1117.95	0.000000	269.05	0.020667	0.020204	-1.91	1.13	-2.79	2.40
248	1121.12	0.000000	457.69	0.020668	0.020487	-0.61	1.24	-1.39	2.40
249	1124.29	0.000000	939.50	0.020678	0.020265	-0.61	0.79	-0.79	2.24
250	1127.45	0.000000	362.10	0.020666	0.020170	-1.31	1.01	0.61	2.24
251	1130.62	0.000000	1453.44	0.020713	0.020191	-2.51	1.13	-1.59	2.36
252	1133.78	0.000000	372.77	0.020703	0.020112	-0.81	1.48	-1.79	2.47
253	1136.94	0.000000	90.83	0.020755	0.020228	-2.61	0.99	-5.39	1.79
254	1140.10	0.000000	254.87	0.020816	0.020152	-4.61	0.92	-0.79	1.88
255	1143.26	0.000000	2873.67	0.021276	0.020970	-3.21	0.99	-1.39	3.07
[END_OF_CALDATA]
