[Spectrum]
Version            = 1
IDData             = DLAB_2022-06-08_10-23-53_176_586
IDDevice           = SAM_8329
IDDataType         = SPECTRUM
IDDataTypeSub1     = BACK
IDDataTypeSub2     = 
IDDataTypeSub3     = 
DateTime           = 2022-06-08 10:16:49
PositionLatitude   = 0
PositionLongitude  = 0
Comment            = 
CommentSub1        = 
CommentSub2        = 
CommentSub3        = 
IDMethodType       = SAM Calibration Station
MethodName         = SAM Calibration Station
Mission            = 
MissionSub         = 0
RecordType         = 0

[Attributes]
CalFactor = 1
IDBasisSpec = 
IDDataBack = 
IDDataCal = 
IntegrationTime = 8192
P31 = -1
P31e = 0
PathLength = +INF
RAWDynamic = 65535
Temperature = +NAN
Unit1 = $05 $00 Pixel 
Unit2 = $03 $05 Intensity counts
Unit3 = $03 $05 Intensity counts
Unit4 = $f1 $00 Status 
[END] of [Attributes]
[DATA]
 0 12 0 0
 1 0.0144051896265674 0.0241432051091291 0
 2 0.0143144220355128 0.0239341764383734 0
 3 0.014304200849765 0.0241163177051674 0
 4 0.0144106626072532 0.0239055001251497 0
 5 0.0143910805796675 0.0241429532164608 0
 6 0.014344778514013 0.0241630433587372 0
 7 0.0143127608441997 0.0241261146367158 0
 8 0.0143736826496407 0.0239222290800882 0
 9 0.0143380934446756 0.023947506151503 0
 10 0.0143653711098253 0.024176861146642 0
 11 0.0143362029911647 0.0241543714779492 0
 12 0.0143410087734909 0.0239869834757125 0
 13 0.0143283173486285 0.0242545140877654 0
 14 0.0143560926209229 0.024118676384124 0
 15 0.0143490648796247 0.0239431682909293 0
 16 0.0143784027639767 0.0242500360540713 0
 17 0.0143346511966538 0.024261140104331 0
 18 0.0143648769922117 0.0241679867741733 0
 19 0.014336826046955 0.023881305336856 0
 20 0.0143637769175106 0.0239711336139671 0
 21 0.0143491788128174 0.0243684215932628 0
 22 0.0143685321016349 0.0240724199526557 0
 23 0.0143444487533175 0.0240292742123513 0
 24 0.0143725729787289 0.024064206471138 0
 25 0.0143356418745527 0.024123334740151 0
 26 0.0143818893290444 0.0241477367332938 0
 27 0.0143395199650176 0.0241627122150145 0
 28 0.0143749842447668 0.0240147698729118 0
 29 0.0143390842970511 0.0243669252495671 0
 30 0.0143633848686838 0.0241538751987697 0
 31 0.0143615272167659 0.0241466488641954 0
 32 0.014378027639376 0.0240003592731556 0
 33 0.0143617861399786 0.0238756818286716 0
 34 0.0143898751211251 0.0241972483930913 0
 35 0.014348668817837 0.0241078250993415 0
 36 0.0143722414732678 0.024466691504156 0
 37 0.0143560592959003 0.0241180889836882 0
 38 0.0143725016178164 0.0245201236472784 0
 39 0.014346719914679 0.0238525686252517 0
 40 0.0143868687155463 0.0243352920341198 0
 41 0.0143282407534194 0.0240139558912678 0
 42 0.0143738707353707 0.0243724284846756 0
 43 0.0143783687410478 0.024210335989013 0
 44 0.0143813514178147 0.0242834216953657 0
 45 0.0143499110909332 0.0241657150269899 0
 46 0.0144007204095224 0.0242086111439293 0
 47 0.0143726172957747 0.0241629508409865 0
 48 0.0143748847931285 0.0240254059230026 0
 49 0.0143615659505618 0.0241834346201077 0
 50 0.0143970244725846 0.0241338335846719 0
 51 0.0143573143057853 0.0238943630827109 0
 52 0.0143890285608635 0.0241445450454576 0
 53 0.014357025547081 0.0238937243611078 0
 54 0.014389049672527 0.0240775218702005 0
 55 0.0143755676943783 0.0244434433644696 0
 56 0.014374091099264 0.024289854297464 0
 57 0.0143626353173886 0.02437490080336 0
 58 0.014406513554693 0.0243624027026156 0
 59 0.0143628087470877 0.0243472299660681 0
 60 0.0144005164464256 0.0241688730244 0
 61 0.0143581598191876 0.0240386768088077 0
 62 0.0144001538841371 0.0241843130150537 0
 63 0.0143763059046971 0.0242101385596243 0
 64 0.0143847626090091 0.0241676395707656 0
 65 0.014372779210021 0.0240791116044558 0
 66 0.0144129119590449 0.0243158397406376 0
 67 0.0143670111894748 0.0243782670529899 0
 68 0.0143936699862716 0.0242489916508595 0
 69 0.0143582259458032 0.0242640837398584 0
 70 0.0144135704335765 0.0241902777915448 0
 71 0.014395114128746 0.0242369149422852 0
 72 0.0144120580707677 0.0242431797904997 0
 73 0.0143686633080069 0.0242742109423205 0
 74 0.0144084539084996 0.0242284581216271 0
 75 0.014388961561865 0.0242454686447388 0
 76 0.0143958994477356 0.024150031522634 0
 77 0.0143837113877444 0.0242727158205574 0
 78 0.0144042219795742 0.024144312878272 0
 79 0.0143662202872353 0.0244423122040463 0
 80 0.0143996222540635 0.0241386394454146 0
 81 0.0143689491006096 0.0244075098192342 0
 82 0.01440473930257 0.0242550264266299 0
 83 0.0143763032875487 0.0245288550536381 0
 84 0.0144046176924088 0.0241218289701184 0
 85 0.0143751527891222 0.0242380955036961 0
 86 0.0144044535099673 0.0243488163836493 0
 87 0.0143966224785939 0.0244474038224453 0
 88 0.0144031847164341 0.0243742297878249 0
 89 0.0143966144526722 0.0242480738049482 0
 90 0.0144111989481939 0.0245732307563409 0
 91 0.0143772871608619 0.0242126976355201 0
 92 0.0144176695858409 0.0242071851486365 0
 93 0.0143764552566312 0.0245119161008617 0
 94 0.0144226877061388 0.0245059502769998 0
 95 0.0143770540601798 0.0244118188771119 0
 96 0.0144041237492718 0.0247083452504709 0
 97 0.0143882849417713 0.0244093964831006 0
 98 0.0144243994956539 0.0241770110952228 0
 99 0.0143786048078314 0.0241247265213322 0
 100 0.0144112655982392 0.0245181104261115 0
 101 0.014396046705951 0.0243487833914703 0
 102 0.0144054989735056 0.0242915112380099 0
 103 0.0143967519402003 0.0241396953697047 0
 104 0.0144348550034196 0.0244245231353346 0
 105 0.0143928401757596 0.0242094621326737 0
 106 0.0144180244711609 0.0245773081707184 0
 107 0.0143815538106225 0.0242134492986038 0
 108 0.0144182858370454 0.0242652855978081 0
 109 0.0143944310530196 0.0244114095297057 0
 110 0.0144260427158815 0.0243373537834653 0
 111 0.0143918617112197 0.0242822505602917 0
 112 0.0144186956824813 0.0246109498941642 0
 113 0.0143902826983657 0.0243940895085337 0
 114 0.0144141620835862 0.0244423424032367 0
 115 0.0143883224542314 0.0243288346442468 0
 116 0.0144263852133657 0.0241446618272976 0
 117 0.0143866802808632 0.0241026437561806 0
 118 0.0144289364096035 0.0242959660549854 0
 119 0.014391425345347 0.0241782792866541 0
 120 0.0144369696593081 0.0243478178901893 0
 121 0.0143874251212912 0.0243368018190736 0
 122 0.0144289943358209 0.0243735692459975 0
 123 0.0144041101401002 0.0243144291067826 0
 124 0.0144216903981307 0.0245694045363846 0
 125 0.0144046536345798 0.0245069119379214 0
 126 0.0144399409950987 0.0242912633602628 0
 127 0.0144059409226281 0.0243438967086172 0
 128 0.0144178649995864 0.0244588397146749 0
 129 0.0144039989985325 0.0243442769042039 0
 130 0.0144477638260738 0.0242042160270873 0
 131 0.0144095510170992 0.0244511061035281 0
 132 0.0144510408447948 0.0243045953426957 0
 133 0.0143916488498184 0.0242244814294045 0
 134 0.0144355804769497 0.0244098599446629 0
 135 0.0144093011666675 0.024272566395662 0
 136 0.0144435962789985 0.0244685828811909 0
 137 0.0144075886792462 0.0242713757096671 0
 138 0.0144413891505339 0.0245463058215935 0
 139 0.0143980394027251 0.0243688358283993 0
 140 0.0144419155463108 0.0242103750908548 0
 141 0.0144187462806832 0.0242735764102004 0
 142 0.01444149226618 0.0243753314473051 0
 143 0.0143974083210132 0.0240981220820381 0
 144 0.0144327019626882 0.0245140548319583 0
 145 0.0144104717298982 0.024410440362627 0
 146 0.0144337380044923 0.0241362573751776 0
 147 0.0144155690625536 0.0243781961809017 0
 148 0.0144432462790222 0.0245249132737743 0
 149 0.0144093632803223 0.0244579429907406 0
 150 0.0144431935871015 0.0243642410128652 0
 151 0.014406423873742 0.0243032779248385 0
 152 0.0144363555018224 0.0245310955542603 0
 153 0.0144029807533373 0.024342124906411 0
 154 0.0144436468772004 0.0244918798981796 0
 155 0.0144106664457375 0.0244292888468647 0
 156 0.0144208701838293 0.0243761504912411 0
 157 0.0144080758177975 0.0244282208778108 0
 158 0.0144180714053551 0.0241922672723077 0
 159 0.0144074979514358 0.024532858453815 0
 160 0.0144334977502713 0.0243869817014173 0
 161 0.0144105893270986 0.0242946475897575 0
 162 0.0144085954089885 0.0242765169036155 0
 163 0.0143999108382912 0.0243377442781978 0
 164 0.0144477219516998 0.0244269949303336 0
 165 0.0144119868843319 0.024147593592623 0
 166 0.0144319122817846 0.0242584446956743 0
 167 0.0144172541571553 0.0245361697164799 0
 168 0.0144424328693066 0.0243020055439242 0
 169 0.0143899084461478 0.0241348615790751 0
 170 0.014417363728434 0.0242334509380508 0
 171 0.0144008617355348 0.0242824340247369 0
 172 0.0144274729002312 0.024394129832308 0
 173 0.0143893201111927 0.0242758722469113 0
 174 0.0144437184125894 0.0241962588022827 0
 175 0.0143980477776 0.0243000445167336 0
 176 0.0144357408209069 0.0239529634768597 0
 177 0.0144155645261631 0.0241435240335262 0
 178 0.0144345838668478 0.0243406790110737 0
 179 0.0144060518897193 0.0241852399381783 0
 180 0.0144279145004006 0.0243444245834813 0
 181 0.0144077565256955 0.0244116975566653 0
 182 0.0144282603129395 0.0242776445728028 0
 183 0.014402366421375 0.0242515620732719 0
 184 0.0144355925158322 0.0242818707138286 0
 185 0.0144078667948804 0.0243885384434936 0
 186 0.0144431559001649 0.0243866013312688 0
 187 0.0144077826971792 0.0242797361722151 0
 188 0.0144323899986017 0.0243495568747782 0
 189 0.0144103101646051 0.0246087743305292 0
 190 0.0144223422425531 0.0242406805892991 0
 191 0.0144048326475288 0.0242568615947672 0
 192 0.0144174841172593 0.0242722005141424 0
 193 0.0143750899775612 0.0243456521020147 0
 194 0.0144532071457447 0.0243942988081243 0
 195 0.0144090928416567 0.0244036699834579 0
 196 0.0144396784078782 0.0241538924803873 0
 197 0.0144099816252455 0.0244330089332505 0
 198 0.0144226412953743 0.0241610570200865 0
 199 0.0143923867111842 0.0241676990963372 0
 200 0.0144347899236633 0.0244319184457252 0
 201 0.0144046326973928 0.0241970420610511 0
 202 0.0144303325710243 0.0242004517765677 0
 203 0.0144036735997509 0.0242533967177238 0
 204 0.014432560985629 0.0242131392768582 0
 205 0.0144001753447538 0.0240886613565043 0
 206 0.0144189746704982 0.0242090428352452 0
 207 0.0144056903742902 0.024347608241475 0
 208 0.0144364144748991 0.0241306556872174 0
 209 0.0144147942121575 0.0244506520683027 0
 210 0.0143875654004442 0.0242446132919497 0
 211 0.0143875533615617 0.0243869148442503 0
 212 0.0144315633286677 0.0241019870547127 0
 213 0.0144015359129567 0.0243465760575888 0
 214 0.0144559616071731 0.0241950995374107 0
 215 0.0144039349656355 0.0241121678476455 0
 216 0.0144237151985916 0.0242961781475647 0
 217 0.0143873415470197 0.0240638791677748 0
 218 0.0144111188634536 0.0240598227008125 0
 219 0.0144019912967743 0.0241860371618902 0
 220 0.0144226597898895 0.023985289004381 0
 221 0.0143853245980039 0.0242024833267229 0
 222 0.0144357312246962 0.0240694759680047 0
 223 0.0144055959824721 0.0241463662486514 0
 224 0.0144281814495351 0.0242956872798008 0
 225 0.0143997100157724 0.0242531263215053 0
 226 0.01441836976027 0.0241937545387901 0
 227 0.0143797301816334 0.023972080611698 0
 228 0.0144079589185033 0.0241022323140328 0
 229 0.0143998431413865 0.0238241998899085 0
 230 0.0144197624321597 0.0241755651998854 0
 231 0.0143851860636165 0.0241381712706839 0
 232 0.0144261746201596 0.0241593834961702 0
 233 0.0143777737759834 0.0243867233499626 0
 234 0.0144208386035723 0.0244480596511043 0
 235 0.0143864883566488 0.0240904436324181 0
 236 0.0144185102138996 0.0240280941746258 0
 237 0.0144151442121338 0.0240861296868102 0
 238 0.0144463844144027 0.024012345384159 0
 239 0.0144056518149708 0.0241600641126039 0
 240 0.0144261721774878 0.024279633879004 0
 241 0.0143901984261879 0.0238959940135496 0
 242 0.0144381833182488 0.0242104210006065 0
 243 0.0143931952355561 0.0240147236140365 0
 244 0.0144302270127064 0.0238876965678091 0
 245 0.0144079062265826 0.0242087233871627 0
 246 0.014427271030853 0.024132050610511 0
 247 0.0144101484248354 0.0241735514550332 0
 248 0.0144447504414327 0.0239072419027274 0
 249 0.014413194436593 0.0241371664929993 0
 250 0.0144737276827383 0.0242591073322433 0
 251 0.0144189357622257 0.0243468693214023 0
 252 0.0144970525814561 0.024057749081265 0
 253 0.0144817569194821 0.0241440262478067 0
 254 0.014583154843814 0.0241902646994103 0
 255 0.0149770149118275 0.0243783810418412 0
[END] of [DATA]
[END] of [Spectrum]

