[Spectrum]
Version            = 1
IDData             = TO_2022-07-08_09-52-36
IDDevice           = SAM_8329
IDDataType         = SPECTRUM
IDDataTypeSub1     = CAL
IDDataTypeSub2     = Air
IDDataTypeSub3     = 
DateTime           = 2022-07-08 09:52:36
PositionLatitude   = 0
PositionLongitude  = 0
Comment            = 
CommentSub1        = 
CommentSub2        = 
CommentSub3        = 
IDMethodType       = 
MethodName         = 
RecordType         = 0

[Attributes]
CalFactor = 1
IDBasisSpec = 
IDDataBack = DLAB_2022-06-08_10-23-53_176_586
IDDataCal = 
IntegrationTime = 128
PathLength = +INF
Temperature = +NAN
Unit1 = $05 $00 Pixel
Unit2 = $04 $09 1/Intensity (m^2 nm)/mW
Unit3 = $04 $09 1/Intensity (m^2 nm)/mW
Unit4 = $f1 $00 Status
[END] of [Attributes]

[DATA]
 0 6 0 0
 1 0.022080 0.000930 0
 2 0.024413 0.000756 0
 3 0.027772 0.000790 0
 4 0.033161 0.000698 0
 5 0.040567 0.000664 0
 6 0.047302 0.000741 0
 7 0.053836 0.000722 0
 8 0.059115 0.000741 0
 9 0.064593 0.000840 0
 10 0.070588 0.000831 0
 11 0.078334 0.000921 0
 12 0.085885 0.000973 0
 13 0.094964 0.001068 0
 14 0.105883 0.001184 0
 15 0.117164 0.001292 0
 16 0.129041 0.001421 0
 17 0.140551 0.001539 0
 18 0.149168 0.001627 0
 19 0.154871 0.001690 0
 20 0.156002 0.001698 0
 21 0.154649 0.001681 0
 22 0.151537 0.001646 0
 23 0.147687 0.001605 0
 24 0.144716 0.001559 0
 25 0.143603 0.001533 0
 26 0.143044 0.001509 0
 27 0.144505 0.001507 0
 28 0.147319 0.001520 0
 29 0.150519 0.001536 0
 30 0.155101 0.001565 0
 31 0.161634 0.001613 0
 32 0.169654 0.001673 0
 33 0.179020 0.001747 0
 34 0.189833 0.001831 0
 35 0.201986 0.001927 0
 36 0.215199 0.002030 0
 37 0.228813 0.002134 0
 38 0.241875 0.002231 0
 39 0.253566 0.002313 0
 40 0.263054 0.002372 0
 41 0.269519 0.002404 0
 42 0.272779 0.002424 0
 43 0.273032 0.002425 0
 44 0.271513 0.002410 0
 45 0.268067 0.002378 0
 46 0.263644 0.002338 0
 47 0.258685 0.002293 0
 48 0.253841 0.002249 0
 49 0.248751 0.002203 0
 50 0.243243 0.002153 0
 51 0.237174 0.002099 0
 52 0.230898 0.002042 0
 53 0.224819 0.001988 0
 54 0.220133 0.001946 0
 55 0.216775 0.001915 0
 56 0.214770 0.001897 0
 57 0.213977 0.001889 0
 58 0.214305 0.001891 0
 59 0.215983 0.001905 0
 60 0.219122 0.001932 0
 61 0.223606 0.001971 0
 62 0.229087 0.002019 0
 63 0.235211 0.002072 0
 64 0.240839 0.002121 0
 65 0.245554 0.002161 0
 66 0.249249 0.002193 0
 67 0.252176 0.002218 0
 68 0.254767 0.002240 0
 69 0.257467 0.002263 0
 70 0.260112 0.002286 0
 71 0.262935 0.002310 0
 72 0.265471 0.002331 0
 73 0.267377 0.002347 0
 74 0.268815 0.002359 0
 75 0.269649 0.002366 0
 76 0.269529 0.002364 0
 77 0.268845 0.002358 0
 78 0.267601 0.002346 0
 79 0.265738 0.002329 0
 80 0.263385 0.002308 0
 81 0.260495 0.002282 0
 82 0.256661 0.002248 0
 83 0.252074 0.002207 0
 84 0.246518 0.002158 0
 85 0.240870 0.002108 0
 86 0.236338 0.002068 0
 87 0.233007 0.002038 0
 88 0.230342 0.002015 0
 89 0.228079 0.001994 0
 90 0.225328 0.001970 0
 91 0.221769 0.001938 0
 92 0.217128 0.001897 0
 93 0.211359 0.001847 0
 94 0.204873 0.001789 0
 95 0.198350 0.001732 0
 96 0.191931 0.001676 0
 97 0.186024 0.001624 0
 98 0.180913 0.001579 0
 99 0.176394 0.001539 0
 100 0.172592 0.001506 0
 101 0.169605 0.001479 0
 102 0.167113 0.001457 0
 103 0.165285 0.001441 0
 104 0.163285 0.001423 0
 105 0.160516 0.001399 0
 106 0.157415 0.001372 0
 107 0.154627 0.001347 0
 108 0.152317 0.001327 0
 109 0.150672 0.001312 0
 110 0.149664 0.001303 0
 111 0.149028 0.001298 0
 112 0.148654 0.001294 0
 113 0.148259 0.001290 0
 114 0.147669 0.001285 0
 115 0.146906 0.001278 0
 116 0.145973 0.001270 0
 117 0.144945 0.001261 0
 118 0.144118 0.001253 0
 119 0.143476 0.001248 0
 120 0.143044 0.001244 0
 121 0.143002 0.001243 0
 122 0.143152 0.001244 0
 123 0.143425 0.001247 0
 124 0.143758 0.001249 0
 125 0.143895 0.001250 0
 126 0.143774 0.001249 0
 127 0.143358 0.001245 0
 128 0.142585 0.001238 0
 129 0.141430 0.001228 0
 130 0.140076 0.001216 0
 131 0.138443 0.001202 0
 132 0.136838 0.001188 0
 133 0.135080 0.001173 0
 134 0.133403 0.001158 0
 135 0.131664 0.001143 0
 136 0.129824 0.001127 0
 137 0.127842 0.001109 0
 138 0.125754 0.001091 0
 139 0.123507 0.001071 0
 140 0.121057 0.001050 0
 141 0.118532 0.001028 0
 142 0.115877 0.001005 0
 143 0.113015 0.000980 0
 144 0.109968 0.000954 0
 145 0.106799 0.000926 0
 146 0.103520 0.000897 0
 147 0.100248 0.000869 0
 148 0.097018 0.000841 0
 149 0.093873 0.000814 0
 150 0.090851 0.000787 0
 151 0.087927 0.000762 0
 152 0.085106 0.000737 0
 153 0.082390 0.000714 0
 154 0.079652 0.000690 0
 155 0.076916 0.000666 0
 156 0.074168 0.000642 0
 157 0.071413 0.000618 0
 158 0.068623 0.000594 0
 159 0.065844 0.000570 0
 160 0.063050 0.000546 0
 161 0.060308 0.000522 0
 162 0.057668 0.000499 0
 163 0.055126 0.000477 0
 164 0.052696 0.000456 0
 165 0.050458 0.000437 0
 166 0.048322 0.000418 0
 167 0.046394 0.000402 0
 168 0.044638 0.000386 0
 169 0.042973 0.000372 0
 170 0.041458 0.000359 0
 171 0.040055 0.000347 0
 172 0.038729 0.000335 0
 173 0.037493 0.000325 0
 174 0.036306 0.000314 0
 175 0.035178 0.000304 0
 176 0.034054 0.000295 0
 177 0.032929 0.000285 0
 178 0.031832 0.000275 0
 179 0.030684 0.000265 0
 180 0.029562 0.000295 0
 181 0.028448 0.000371 0
 182 0.027342 0.000443 0
 183 0.026234 0.000476 0
 184 0.025124 0.000456 0
 185 0.024024 0.000436 0
 186 0.022987 0.000417 0
 187 0.022013 0.000400 0
 188 0.021063 0.000382 0
 189 0.020140 0.000366 0
 190 0.019213 0.000349 0
 191 0.018263 0.000331 0
 192 0.017347 0.000315 0
 193 0.016548 0.000300 0
 194 0.015864 0.000288 0
 195 0.015204 0.000276 0
 196 0.014599 0.000265 0
 197 0.013995 0.000254 0
 198 0.013394 0.000243 0
 199 0.012844 0.000233 0
 200 0.012298 0.000223 0
 201 0.011763 0.000214 0
 202 0.011244 0.000204 0
 203 0.010711 0.000194 0
 204 0.010204 0.000185 0
 205 0.009717 0.000177 0
 206 0.009220 0.000167 0
 207 0.008750 0.000159 0
 208 0.008269 0.000150 0
 209 0.000000 0.000000 0
 210 0.000000 0.000000 0
 211 0.000000 0.000000 0
 212 0.000000 0.000000 0
 213 0.000000 0.000000 0
 214 0.000000 0.000000 0
 215 0.000000 0.000000 0
 216 0.000000 0.000000 0
 217 0.000000 0.000000 0
 218 0.000000 0.000000 0
 219 0.000000 0.000000 0
 220 0.000000 0.000000 0
 221 0.000000 0.000000 0
 222 0.000000 0.000000 0
 223 0.000000 0.000000 0
 224 0.000000 0.000000 0
 225 0.000000 0.000000 0
 226 0.000000 0.000000 0
 227 0.000000 0.000000 0
 228 0.000000 0.000000 0
 229 0.000000 0.000000 0
 230 0.000000 0.000000 0
 231 0.000000 0.000000 0
 232 0.000000 0.000000 0
 233 0.000000 0.000000 0
 234 0.000000 0.000000 0
 235 0.000000 0.000000 0
 236 0.000000 0.000000 0
 237 0.000000 0.000000 0
 238 0.000000 0.000000 0
 239 0.000000 0.000000 0
 240 0.000000 0.000000 0
 241 0.000000 0.000000 0
 242 0.000000 0.000000 0
 243 0.000000 0.000000 0
 244 0.000000 0.000000 0
 245 0.000000 0.000000 0
 246 0.000000 0.000000 0
 247 0.000000 0.000000 0
 248 0.000000 0.000000 0
 249 0.000000 0.000000 0
 250 0.000000 0.000000 0
 251 0.000000 0.000000 0
 252 0.000000 0.000000 0
 253 0.000000 0.000000 0
 254 0.000000 0.000000 0
 255 0.000000 0.000000 0
[END] of [DATA]
[END] of [Spectrum]
