[Spectrum]
Version            = 1
IDData             = DLAB_2024-04-08_10-44-10_607_312
IDDevice           = SAM_8831
IDDataType         = SPECTRUM
IDDataTypeSub1     = BACK
IDDataTypeSub2     = 
IDDataTypeSub3     = 
DateTime           = 2024-04-08 10:36:39
PositionLatitude   = 0
PositionLongitude  = 0
Comment            = 
CommentSub1        = 
CommentSub2        = 
CommentSub3        = 
IDMethodType       = SAM Calibration Station
MethodName         = SAM Calibration Station
Mission            = 
MissionSub         = 0
RecordType         = 0

[Attributes]
CalFactor = 1
IDBasisSpec = 
IDDataBack = 
IDDataCal = 
IntegrationTime = 8192
P31 = -1
P31e = 0
PathLength = +INF
RAWDynamic = 65535
Temperature = +NAN
Unit1 = $05 $00 Pixel 
Unit2 = $03 $05 Intensity counts
Unit3 = $03 $05 Intensity counts
Unit4 = $f1 $00 Status 
[END] of [Attributes]
[DATA]
 0 12 0 0
 1 0.0178807419083844 0.0201151681534045 0
 2 0.0177859482707433 0.0205105364766547 0
 3 0.0177464151976508 0.0205400969453635 0
 4 0.0177459093901078 0.0203949070936241 0
 5 0.017755154379511 0.0203322828755685 0
 6 0.0177660298523529 0.0204215541259959 0
 7 0.0177765336901253 0.0205759812641731 0
 8 0.0177564816226912 0.0204149998543274 0
 9 0.0177594883772231 0.0204992704330504 0
 10 0.0177395792060903 0.0202031347289857 0
 11 0.0177632211287148 0.0206805081680002 0
 12 0.017738267840277 0.0206144951818432 0
 13 0.0177571643494644 0.0203387870480021 0
 14 0.0177511222262449 0.020379520693441 0
 15 0.0177599252665255 0.0204782416720092 0
 16 0.0177535006906899 0.0205479923752931 0
 17 0.0177474036073545 0.0206093681274001 0
 18 0.0177473060749583 0.0206400203055668 0
 19 0.0177694886756478 0.0203663136972524 0
 20 0.0177473906960892 0.0202955933032045 0
 21 0.0177581293793093 0.0202461092241705 0
 22 0.0177572632776731 0.0204331137825372 0
 23 0.0177556235469767 0.020267961916878 0
 24 0.0177454780840553 0.0203500377301686 0
 25 0.0177390161702362 0.0203848956256312 0
 26 0.01774928673285 0.0204388413295507 0
 27 0.0177558407702919 0.0207426486753254 0
 28 0.0177563495439364 0.0204317199066145 0
 29 0.0177600027341175 0.0208628676370363 0
 30 0.0177386921672671 0.0203760573874538 0
 31 0.0177601259145677 0.0203548558102369 0
 32 0.0177548052519175 0.0204210449292436 0
 33 0.0177539489209686 0.0203875322069634 0
 34 0.0177556190105861 0.0203481608417627 0
 35 0.0177510081185757 0.0205563409676391 0
 36 0.0177567637512862 0.0206246714361694 0
 37 0.017764488700912 0.0206398417288518 0
 38 0.0177474343152288 0.0203666748656036 0
 39 0.0177651274595926 0.0203790067835203 0
 40 0.017728842965542 0.0205283426524222 0
 41 0.0177587061988115 0.0204601708605625 0
 42 0.0177461232983685 0.0207961604186257 0
 43 0.0177435391260612 0.0206223193905609 0
 44 0.0177530857854339 0.0204848135744189 0
 45 0.0177646926640089 0.0205688978957079 0
 46 0.0177495901475851 0.0206034333755375 0
 47 0.0177638640748327 0.0208470884728173 0
 48 0.0177313128557036 0.020490664885744 0
 49 0.0177603830930149 0.020460799108458 0
 50 0.0177440899485562 0.0204855381804246 0
 51 0.0177607259394523 0.0206888855630421 0
 52 0.0177463054518955 0.0205050468573661 0
 53 0.0177571058998173 0.0205522068206787 0
 54 0.0177490632283786 0.0204642007941321 0
 55 0.0177647261635081 0.0207259647573297 0
 56 0.0177380940616247 0.0207337687168793 0
 57 0.0177562654462352 0.0205414190763891 0
 58 0.0177474911945868 0.0206771033402138 0
 59 0.0177489407458345 0.0205180272723465 0
 60 0.0177487627797449 0.020740395606254 0
 61 0.0177419601132071 0.0206435136361826 0
 62 0.0177520802770275 0.0206122864514674 0
 63 0.0177565704312594 0.0206239365310178 0
 64 0.0177574229237241 0.0206097837590309 0
 65 0.0177598692595502 0.020710717657458 0
 66 0.017745763527705 0.02061883042399 0
 67 0.0177638413928801 0.0205286504048645 0
 68 0.017744971229653 0.020610375174388 0
 69 0.0177591057501304 0.0207067163520225 0
 70 0.0177424561500628 0.0205960717555731 0
 71 0.0177663477486424 0.0208808206192723 0
 72 0.0177506535822089 0.0206585207135879 0
 73 0.0177694640744531 0.0205297449073111 0
 74 0.0177500748434645 0.0204635632944614 0
 75 0.0177641331176859 0.0205826891502201 0
 76 0.0177425472268263 0.0207591840412347 0
 77 0.017772063426221 0.0206051409390036 0
 78 0.0177485345644064 0.020532038998404 0
 79 0.0177636608096421 0.0203369443737077 0
 80 0.0177530395491459 0.0206398954938843 0
 81 0.0177560391501389 0.0202233135486533 0
 82 0.0177565934621651 0.0204509810549325 0
 83 0.0177589293543298 0.0204701189626242 0
 84 0.0177594857600747 0.0203161015209769 0
 85 0.0177483131536537 0.0206041290042854 0
 86 0.0177391861104041 0.020615839133093 0
 87 0.0177566772109132 0.0206838272859458 0
 88 0.0177541235720036 0.0205220542383656 0
 89 0.0177612921158845 0.0203944998409594 0
 90 0.0177441845148509 0.0204606435738998 0
 91 0.0177523203567719 0.0206945640581916 0
 92 0.0177494512642446 0.0204389389095934 0
 93 0.0177624808246773 0.0203909592040975 0
 94 0.0177555120564558 0.0206269969483852 0
 95 0.0177686742190729 0.0203390192151878 0
 96 0.017750271827499 0.0205119656140598 0
 97 0.0177683364324558 0.0205078054573921 0
 98 0.0177429633534182 0.0205885814835668 0
 99 0.0177660872551406 0.0205392375776531 0
 100 0.0177629566222522 0.0203599606953321 0
 101 0.0177801481465104 0.0205705523923887 0
 102 0.0177586746185545 0.0203813235676465 0
 103 0.0177723820204168 0.0204995401310217 0
 104 0.0177575764630955 0.0206138189294544 0
 105 0.0177634224746633 0.0204082664822586 0
 106 0.017754669509155 0.0204397136148339 0
 107 0.0177714949815936 0.0204835401461337 0
 108 0.0177443560253079 0.0204854723706283 0
 109 0.0177706574941129 0.0206005764972217 0
 110 0.0177450047291522 0.0204955079281488 0
 111 0.0177715148719212 0.0204165304121347 0
 112 0.0177554537812853 0.0203948245258957 0
 113 0.0177689785061909 0.020496922576925 0
 114 0.0177545887265084 0.0206371585395207 0
 115 0.0177707660185323 0.0205650325739098 0
 116 0.0177373870826098 0.0203684747722586 0
 117 0.0177732359086939 0.0205722000811596 0
 118 0.0177486282583183 0.0206378731955042 0
 119 0.0177698149468121 0.0205048920210551 0
 120 0.017754030924951 0.0205001741394564 0
 121 0.0177661268613194 0.0200369162907669 0
 122 0.0177580803513963 0.0204727834738435 0
 123 0.0177745502406088 0.020359271176247 0
 124 0.0177553982977397 0.0202294122140402 0
 125 0.0177622140500194 0.0202765341228818 0
 126 0.0177585692347131 0.020578085082911 0
 127 0.0177699857593629 0.0204925164626899 0
 128 0.017757654105164 0.0204784286276903 0
 129 0.0177612359344327 0.020467633900929 0
 130 0.0177492026351488 0.0204254545347146 0
 131 0.0177701703555617 0.0204380064004914 0
 132 0.0177578906953773 0.0206027274476438 0
 133 0.017752525017775 0.0204423231390881 0
 134 0.0177531562739635 0.0204258343811777 0
 135 0.0177657252162818 0.0205432219505946 0
 136 0.0177541134523632 0.0204916326563284 0
 137 0.0177678389997876 0.020439809972944 0
 138 0.0177527499180588 0.0204722892894055 0
 139 0.017768323695667 0.0204325674041229 0
 140 0.0177456747191367 0.0204919510570401 0
 141 0.0177770035554973 0.020507836005706 0
 142 0.0177623087907906 0.0203518238464419 0
 143 0.0177711779576868 0.0203534474456852 0
 144 0.0177522046788136 0.0204448944343094 0
 145 0.0177679215271997 0.0205667584663642 0
 146 0.0177575145239173 0.0204456151999557 0
 147 0.0177687912928437 0.0205505072870551 0
 148 0.0177615824448778 0.0203073390426179 0
 149 0.0177711345130238 0.0203167135346256 0
 150 0.0177440487720884 0.020189249211105 0
 151 0.0177714382767121 0.0203133705017142 0
 152 0.0177623946332574 0.0205827387257695 0
 153 0.0177735588648036 0.0203930813518237 0
 154 0.0177293349894369 0.0202643518044222 0
 155 0.0177758736453047 0.0203380275296377 0
 156 0.0177568441849797 0.0203671186016833 0
 157 0.0177701396476874 0.0201311065179793 0
 158 0.0177572859596257 0.0204185518377059 0
 159 0.0177645440099811 0.0205629006507232 0
 160 0.0177522093896807 0.0203312981724902 0
 161 0.0177671273099056 0.020593628065023 0
 162 0.017750813577213 0.0205622985870967 0
 163 0.0177572008150651 0.0204643341593425 0
 164 0.0177634755155371 0.020420086759558 0
 165 0.01777102773337 0.0204400204944672 0
 166 0.0177557343395913 0.0202648342932201 0
 167 0.017760314698204 0.0202115632706333 0
 168 0.0177445451578972 0.0205320527887858 0
 169 0.0177593102366569 0.0202493340787475 0
 170 0.0177528198831588 0.0206337256072856 0
 171 0.0177730909186738 0.0204946009050686 0
 172 0.017754905401462 0.02049150435341 0
 173 0.0177695317713578 0.0202188995791376 0
 174 0.0177632919661975 0.0204411898839233 0
 175 0.0177704512628208 0.0204301441373026 0
 176 0.0177420588669392 0.0202340485752812 0
 177 0.0177720983215327 0.0204167884144658 0
 178 0.0177520403218956 0.0206146344821546 0
 179 0.0177746620800827 0.0206891320442948 0
 180 0.0177674471254373 0.020620641328038 0
 181 0.0177546874802405 0.0205606934914035 0
 182 0.0177494990708216 0.0207895417336554 0
 183 0.0177731872297341 0.0203628217631311 0
 184 0.0177565376296664 0.0206443347748602 0
 185 0.0177710355848151 0.020646031515495 0
 186 0.0177544121562313 0.0205408238206726 0
 187 0.0177652651215972 0.0205463771550159 0
 188 0.0177572976495551 0.020524334364515 0
 189 0.0177779706790608 0.0204361265445349 0
 190 0.0177476278097321 0.0205238892319411 0
 191 0.0177745580920539 0.0205710071258614 0
 192 0.0177547483725594 0.02048941589611 0
 193 0.0177795742931096 0.020405120005927 0
 194 0.0177490632283786 0.0206989228661805 0
 195 0.0177739474240993 0.020770467017333 0
 196 0.0177644037308281 0.0205081493441257 0
 197 0.0177605799025728 0.0205387821459333 0
 198 0.0177558006406835 0.020508368244615 0
 199 0.017776919108843 0.0206356679563642 0
 200 0.0177605083671839 0.020595864550724 0
 201 0.0177672998672219 0.0205297089475816 0
 202 0.0177585139256441 0.0203516049459526 0
 203 0.0177686518860734 0.0204947922247945 0
 204 0.0177493425653487 0.0206395535273304 0
 205 0.0177707032069713 0.0205037037789253 0
 206 0.0177541856856584 0.0205318663567901 0
 207 0.0177762738945298 0.0205683447093837 0
 208 0.0177569354362197 0.0204624839788909 0
 209 0.0177789165164842 0.0203388891666515 0
 210 0.017756593113212 0.0204862886215757 0
 211 0.0177676081673007 0.0204347171326125 0
 212 0.0177511733478766 0.0203541500569049 0
 213 0.0177762426632258 0.0204770895641707 0
 214 0.0177496372562559 0.0205275367006207 0
 215 0.0177745710033192 0.0202979767699358 0
 216 0.0177400722768445 0.0204849088851582 0
 217 0.017773384039292 0.0201774580856252 0
 218 0.0177548794044548 0.0203658420312858 0
 219 0.0177542956058902 0.0204085248337133 0
 220 0.017749862854446 0.0205403203844595 0
 221 0.0177576097881182 0.0204245295317697 0
 222 0.0177409697842613 0.0203204584087861 0
 223 0.0177566194591724 0.0204249327695132 0
 224 0.0177667570706486 0.0204583960908058 0
 225 0.0177678730227165 0.0203268452756944 0
 226 0.0177427593903214 0.0204858691495854 0
 227 0.0177732793533569 0.0205326016110652 0
 228 0.017755142515105 0.0205070237696799 0
 229 0.0177677365820478 0.0204924614757249 0
 230 0.017754569534087 0.0201726963890163 0
 231 0.0177726283813173 0.0204968288372418 0
 232 0.0177571366076916 0.0201387198560502 0
 233 0.0177785049262828 0.0202136538226747 0
 234 0.0177506103120224 0.0202582519171028 0
 235 0.017763748571351 0.020369373940058 0
 236 0.0177531977993844 0.0204377813903393 0
 237 0.0177793052502565 0.0204052184587786 0
 238 0.0177680391244001 0.0204051662648023 0
 239 0.0177726074441303 0.0206430449377664 0
 240 0.0177476900978635 0.0203438226320653 0
 241 0.0177591231977863 0.0204326819166596 0
 242 0.0177524332431052 0.0205587858801218 0
 243 0.0177832381263607 0.0205279586164761 0
 244 0.0177693161183315 0.0206869004463241 0
 245 0.0177961816698501 0.0206154613813714 0
 246 0.0177751005396741 0.0203923352747174 0
 247 0.0177956256130583 0.0204555580651636 0
 248 0.0177786307238815 0.020412641873618 0
 249 0.0177975230456315 0.0202533867053503 0
 250 0.0177821410177611 0.0202805026107 0
 251 0.0178189784280254 0.0204036948834431 0
 252 0.0178213045495028 0.0203580577972189 0
 253 0.0178685824625487 0.0204102395542129 0
 254 0.0179093393142223 0.0203261822900019 0
 255 0.0183999912999009 0.0218878869835504 0
[END] of [DATA]
[END] of [Spectrum]

