!FRM4SOC_CP
!POLDATA
# polarization sensitivity characterization results

# comments start with # (ignored by the processor)
# no empty lines between the parameter signatures in [] and the parameter values
# parameters are case insensitive
# parameters can be inserted in any order, except the first two signatures
# columns are tab- or space-delimited

# file format version
# type(s): string(255)
[VERSION]
0.1

# calibration date
# type(s): fixed format as shown
[CALDATE]
2022-06-02 15:43:59

# calibration lab name
# type(s): string(255)
[CALLAB]
Tartu Observatory

# calibration lab person to contact
# type(s): string(255)
[USER]
Riho Vendt

# serial number of the instrument
# type(s): string(255)
[DEVICE]
SAM_8166

# lab temperature (deg Celsius) during cal/char measurements
# type(s): single
[AMBIENT_TEMP]
21.0

# pixel no, wavelength (nm), semi-amplitude, uncertainty (k=2), angle of the max sensitivity plane (rad), uncertainty (rad, k=2)
# type(s): uint8, single, single, single, single, single
[CALDATA]
0	305.10	0.000E+00	0.000E+00	0.000E+00	0.000E+00
1	308.37	1.830E-03	3.920E-03	1.783E+02	5.778E+03
2	311.64	1.576E-03	6.787E-03	3.955E+01	4.894E+02
3	314.91	3.829E-03	4.092E-03	1.389E+02	1.165E+02
4	318.19	2.891E-03	3.998E-03	1.413E+02	1.609E+02
5	321.46	2.477E-03	4.288E-03	6.928E+01	1.125E+02
6	324.73	8.431E-04	2.705E-03	1.500E+02	4.860E+02
7	328.00	1.619E-03	3.146E-03	2.767E+01	3.202E+02
8	331.28	1.231E-03	1.840E-03	4.939E+01	1.346E+02
9	334.55	1.292E-03	1.678E-03	1.493E+00	4.037E+03
10	337.83	1.228E-03	1.290E-03	5.328E+01	8.748E+01
11	341.11	5.442E-04	1.528E-03	1.166E+02	1.973E+02
12	344.38	7.511E-04	1.003E-03	7.691E+01	8.055E+01
13	347.66	4.506E-04	9.226E-04	7.840E+01	1.222E+02
14	350.94	1.620E-04	9.639E-04	1.800E+02	1.822E+06
15	354.22	3.329E-04	9.918E-04	1.376E+02	3.144E+02
16	357.49	5.195E-05	8.906E-04	1.390E+02	1.877E+03
17	360.77	3.246E-04	1.028E-03	2.931E+01	4.915E+02
18	364.05	2.183E-04	7.845E-04	4.996E+01	3.197E+02
19	367.34	3.081E-04	7.463E-04	9.194E+01	1.389E+02
20	370.62	3.164E-04	7.020E-04	2.326E+01	4.371E+02
21	373.90	2.294E-04	6.684E-04	4.250E+01	3.070E+02
22	377.18	3.196E-04	6.858E-04	2.473E+01	3.970E+02
23	380.46	2.879E-04	7.266E-04	3.453E+01	3.304E+02
24	383.75	2.557E-04	5.619E-04	3.845E+01	2.572E+02
25	387.03	3.792E-04	5.487E-04	1.253E+01	5.339E+02
26	390.31	4.116E-04	5.965E-04	4.237E+01	1.532E+02
27	393.60	3.398E-04	4.266E-04	1.875E+01	3.081E+02
28	396.88	4.207E-04	4.425E-04	1.461E+01	3.323E+02
29	400.17	4.220E-04	4.421E-04	1.223E+01	3.961E+02
30	403.46	4.838E-04	3.284E-04	1.115E+01	2.816E+02
31	406.74	3.937E-04	3.312E-04	8.253E+00	4.722E+02
32	410.03	4.592E-04	3.850E-04	1.071E+01	3.622E+02
33	413.32	5.323E-04	3.284E-04	1.070E+01	2.666E+02
34	416.60	4.361E-04	3.248E-04	5.380E+00	6.418E+02
35	419.89	4.729E-04	3.183E-04	5.594E+00	5.578E+02
36	423.18	5.018E-04	2.753E-04	5.573E+00	4.561E+02
37	426.47	5.325E-04	2.861E-04	3.346E+00	7.443E+02
38	429.76	6.303E-04	2.866E-04	1.365E+01	1.536E+02
39	433.05	6.423E-04	3.245E-04	1.676E+01	1.388E+02
40	436.34	6.519E-04	2.963E-04	1.827E+01	1.144E+02
41	439.63	6.355E-04	3.125E-04	1.555E+01	1.457E+02
42	442.92	6.564E-04	2.988E-04	1.695E+01	1.236E+02
43	446.21	7.096E-04	3.383E-04	2.041E+01	1.072E+02
44	449.50	7.224E-04	3.263E-04	2.398E+01	8.611E+01
45	452.79	7.998E-04	3.469E-04	2.727E+01	7.244E+01
46	456.09	8.242E-04	3.179E-04	3.017E+01	5.804E+01
47	459.38	8.740E-04	3.551E-04	3.412E+01	5.380E+01
48	462.67	9.591E-04	3.621E-04	3.662E+01	4.644E+01
49	465.96	9.672E-04	3.535E-04	3.926E+01	4.179E+01
50	469.26	1.067E-03	3.499E-04	4.390E+01	3.336E+01
51	472.55	1.047E-03	3.658E-04	4.623E+01	3.370E+01
52	475.84	1.110E-03	3.505E-04	4.804E+01	2.926E+01
53	479.14	1.143E-03	3.622E-04	5.116E+01	2.753E+01
54	482.43	1.165E-03	3.483E-04	5.148E+01	2.581E+01
55	485.72	1.235E-03	3.447E-04	5.083E+01	2.440E+01
56	489.02	1.393E-03	3.488E-04	5.047E+01	2.206E+01
57	492.31	1.406E-03	3.819E-04	5.306E+01	2.272E+01
58	495.61	1.477E-03	3.527E-04	5.640E+01	1.882E+01
59	498.90	1.603E-03	3.734E-04	5.944E+01	1.744E+01
60	502.20	1.562E-03	3.339E-04	5.592E+01	1.700E+01
61	505.49	1.562E-03	3.574E-04	5.648E+01	1.801E+01
62	508.79	1.701E-03	3.423E-04	5.960E+01	1.505E+01
63	512.08	1.872E-03	3.612E-04	6.294E+01	1.372E+01
64	515.38	1.954E-03	3.495E-04	6.291E+01	1.274E+01
65	518.68	2.024E-03	3.388E-04	6.316E+01	1.189E+01
66	521.97	1.991E-03	3.483E-04	6.371E+01	1.233E+01
67	525.27	2.025E-03	3.421E-04	6.516E+01	1.168E+01
68	528.56	2.014E-03	3.545E-04	6.635E+01	1.198E+01
69	531.86	2.073E-03	3.749E-04	6.573E+01	1.240E+01
70	535.16	2.200E-03	3.413E-04	6.549E+01	1.070E+01
71	538.45	2.352E-03	3.299E-04	6.703E+01	9.515E+00
72	541.75	2.397E-03	3.557E-04	6.875E+01	9.852E+00
73	545.05	2.361E-03	3.327E-04	6.925E+01	9.321E+00
74	548.34	2.362E-03	3.670E-04	6.968E+01	1.020E+01
75	551.64	2.375E-03	3.853E-04	6.753E+01	1.090E+01
76	554.94	2.365E-03	3.381E-04	6.700E+01	9.697E+00
77	558.23	2.466E-03	3.497E-04	6.745E+01	9.570E+00
78	561.53	2.517E-03	3.299E-04	6.849E+01	8.767E+00
79	564.83	2.634E-03	3.495E-04	7.014E+01	8.714E+00
80	568.12	2.826E-03	3.793E-04	7.008E+01	8.817E+00
81	571.42	3.150E-03	4.010E-04	7.109E+01	8.295E+00
82	574.71	3.681E-03	3.323E-04	7.192E+01	5.971E+00
83	578.01	3.930E-03	2.925E-04	7.384E+01	4.954E+00
84	581.31	4.158E-03	3.265E-04	7.555E+01	5.131E+00
85	584.60	4.081E-03	3.456E-04	7.578E+01	5.475E+00
86	587.90	3.824E-03	4.393E-04	7.483E+01	7.285E+00
87	591.20	3.690E-03	4.680E-04	7.323E+01	8.103E+00
88	594.49	3.575E-03	3.796E-04	7.225E+01	6.914E+00
89	597.79	3.817E-03	3.072E-04	7.330E+01	5.327E+00
90	601.08	3.939E-03	3.209E-04	7.446E+01	5.338E+00
91	604.38	3.910E-03	3.103E-04	7.492E+01	5.201E+00
92	607.68	3.935E-03	3.900E-04	7.637E+01	6.283E+00
93	610.97	3.976E-03	5.043E-04	7.494E+01	7.989E+00
94	614.27	3.879E-03	5.116E-04	7.319E+01	8.414E+00
95	617.56	3.888E-03	4.123E-04	7.305E+01	6.858E+00
96	620.86	3.840E-03	3.125E-04	7.333E+01	5.378E+00
97	624.15	3.997E-03	2.950E-04	7.461E+01	4.894E+00
98	627.45	3.966E-03	2.894E-04	7.641E+01	4.792E+00
99	630.74	3.972E-03	3.841E-04	7.673E+01	6.129E+00
100	634.04	4.051E-03	5.264E-04	7.688E+01	8.058E+00
101	637.33	4.029E-03	5.919E-04	7.613E+01	9.106E+00
102	640.62	4.108E-03	5.127E-04	7.506E+01	7.862E+00
103	643.92	4.177E-03	3.453E-04	7.465E+01	5.401E+00
104	647.21	4.199E-03	2.763E-04	7.520E+01	4.425E+00
105	650.50	4.403E-03	2.754E-04	7.563E+01	4.235E+00
106	653.80	4.722E-03	3.166E-04	7.664E+01	4.459E+00
107	657.09	5.168E-03	4.682E-04	7.792E+01	5.737E+00
108	660.38	5.776E-03	6.258E-04	7.845E+01	6.729E+00
109	663.67	6.362E-03	6.635E-04	7.881E+01	6.484E+00
110	666.97	6.906E-03	5.772E-04	7.915E+01	5.307E+00
111	670.26	7.349E-03	4.533E-04	7.964E+01	4.111E+00
112	673.55	7.659E-03	3.778E-04	8.026E+01	3.472E+00
113	676.84	7.853E-03	3.742E-04	8.096E+01	3.383E+00
114	680.13	7.887E-03	3.791E-04	8.168E+01	3.398E+00
115	683.42	7.679E-03	4.464E-04	8.202E+01	3.895E+00
116	686.71	7.531E-03	6.066E-04	8.185E+01	5.081E+00
117	690.00	7.352E-03	7.484E-04	8.133E+01	6.263E+00
118	693.29	7.253E-03	7.300E-04	8.081E+01	6.213E+00
119	696.58	7.248E-03	6.138E-04	7.985E+01	5.351E+00
120	699.87	7.299E-03	4.602E-04	7.973E+01	4.181E+00
121	703.15	7.358E-03	3.606E-04	8.002E+01	3.458E+00
122	706.44	7.569E-03	3.435E-04	8.088E+01	3.274E+00
123	709.73	7.759E-03	3.561E-04	8.165E+01	3.294E+00
124	713.02	7.857E-03	4.311E-04	8.227E+01	3.728E+00
125	716.30	8.009E-03	6.142E-04	8.237E+01	4.863E+00
126	719.59	8.178E-03	7.710E-04	8.234E+01	5.821E+00
127	722.87	8.260E-03	8.411E-04	8.168E+01	6.255E+00
128	726.16	8.309E-03	7.909E-04	8.174E+01	5.885E+00
129	729.44	8.433E-03	6.335E-04	8.163E+01	4.792E+00
130	732.73	8.545E-03	4.828E-04	8.146E+01	3.819E+00
131	736.01	8.673E-03	3.956E-04	8.234E+01	3.275E+00
132	739.30	8.881E-03	3.902E-04	8.288E+01	3.193E+00
133	742.58	9.045E-03	4.021E-04	8.391E+01	3.213E+00
134	745.86	9.200E-03	4.819E-04	8.398E+01	3.591E+00
135	749.14	9.231E-03	6.311E-04	8.441E+01	4.397E+00
136	752.42	9.303E-03	8.216E-04	8.420E+01	5.462E+00
137	755.70	9.343E-03	9.130E-04	8.386E+01	5.980E+00
138	758.98	9.395E-03	9.204E-04	8.345E+01	6.001E+00
139	762.26	9.358E-03	8.159E-04	8.291E+01	5.422E+00
140	765.54	9.277E-03	6.112E-04	8.263E+01	4.288E+00
141	768.82	9.411E-03	4.941E-04	8.274E+01	3.606E+00
142	772.10	9.614E-03	4.297E-04	8.232E+01	3.232E+00
143	775.38	1.024E-02	4.496E-04	8.283E+01	3.193E+00
144	778.65	1.131E-02	4.866E-04	8.303E+01	3.151E+00
145	781.93	1.256E-02	5.880E-04	8.348E+01	3.326E+00
146	785.20	1.382E-02	7.353E-04	8.400E+01	3.631E+00
147	788.48	1.464E-02	9.381E-04	8.419E+01	4.177E+00
148	791.75	1.512E-02	1.047E-03	8.442E+01	4.441E+00
149	795.03	1.533E-02	1.118E-03	8.455E+01	4.633E+00
150	798.30	1.513E-02	1.057E-03	8.458E+01	4.472E+00
151	801.57	1.469E-02	9.232E-04	8.509E+01	4.106E+00
152	804.84	1.409E-02	7.666E-04	8.533E+01	3.682E+00
153	808.11	1.369E-02	6.240E-04	8.548E+01	3.259E+00
154	811.38	1.323E-02	5.655E-04	8.581E+01	3.127E+00
155	814.65	1.289E-02	5.423E-04	8.626E+01	3.096E+00
156	817.92	1.258E-02	5.436E-04	8.656E+01	3.147E+00
157	821.19	1.242E-02	5.640E-04	8.670E+01	3.247E+00
158	824.46	1.229E-02	6.707E-04	8.703E+01	3.682E+00
159	827.72	1.227E-02	8.102E-04	8.683E+01	4.258E+00
160	830.99	1.206E-02	9.447E-04	8.697E+01	4.897E+00
161	834.25	1.206E-02	1.049E-03	8.626E+01	5.360E+00
162	837.52	1.194E-02	1.004E-03	8.536E+01	5.217E+00
163	840.78	1.204E-02	1.001E-03	8.482E+01	5.173E+00
164	844.04	1.213E-02	8.214E-04	8.458E+01	4.363E+00
165	847.31	1.224E-02	6.762E-04	8.421E+01	3.731E+00
166	850.57	1.235E-02	6.142E-04	8.394E+01	3.463E+00
167	853.83	1.261E-02	5.360E-04	8.383E+01	3.123E+00
168	857.09	1.261E-02	5.446E-04	8.400E+01	3.154E+00
169	860.35	1.295E-02	5.625E-04	8.388E+01	3.166E+00
170	863.60	1.296E-02	5.567E-04	8.426E+01	3.142E+00
171	866.86	1.294E-02	5.765E-04	8.468E+01	3.214E+00
172	870.12	1.308E-02	6.923E-04	8.429E+01	3.616E+00
173	873.37	1.305E-02	8.206E-04	8.458E+01	4.113E+00
174	876.63	1.332E-02	9.364E-04	8.422E+01	4.500E+00
175	879.88	1.358E-02	1.014E-03	8.411E+01	4.731E+00
176	883.13	1.352E-02	1.011E-03	8.385E+01	4.741E+00
177	886.38	1.353E-02	1.008E-03	8.392E+01	4.724E+00
178	889.63	1.333E-02	8.461E-04	8.330E+01	4.155E+00
179	892.88	1.349E-02	7.610E-04	8.360E+01	3.794E+00
180	896.13	1.370E-02	6.627E-04	8.373E+01	3.399E+00
181	899.38	1.396E-02	6.184E-04	8.354E+01	3.208E+00
182	902.63	1.397E-02	6.182E-04	8.393E+01	3.204E+00
183	905.87	1.408E-02	6.149E-04	8.419E+01	3.176E+00
184	909.12	1.400E-02	6.082E-04	8.449E+01	3.163E+00
185	912.36	1.438E-02	6.333E-04	8.433E+01	3.192E+00
186	915.61	1.423E-02	6.264E-04	8.497E+01	3.189E+00
187	918.85	1.457E-02	6.425E-04	8.541E+01	3.191E+00
188	922.09	1.442E-02	7.078E-04	8.513E+01	3.426E+00
189	925.33	1.520E-02	8.594E-04	8.466E+01	3.791E+00
190	928.57	1.623E-02	1.022E-03	8.439E+01	4.118E+00
191	931.81	1.744E-02	1.115E-03	8.485E+01	4.166E+00
192	935.05	1.901E-02	1.092E-03	8.446E+01	3.840E+00
193	938.28	2.067E-02	1.133E-03	8.431E+01	3.708E+00
194	941.52	2.165E-02	1.091E-03	8.483E+01	3.490E+00
195	944.75	2.261E-02	1.085E-03	8.458E+01	3.376E+00
196	947.98	2.248E-02	9.686E-04	8.477E+01	3.146E+00
197	951.21	2.218E-02	9.640E-04	8.465E+01	3.164E+00
198	954.45	2.141E-02	9.211E-04	8.479E+01	3.144E+00
199	957.68	2.093E-02	9.487E-04	8.517E+01	3.248E+00
200	960.90	2.003E-02	9.280E-04	8.609E+01	3.292E+00
201	964.13	1.991E-02	8.978E-04	8.626E+01	3.234E+00
202	967.36	2.060E-02	9.459E-04	8.665E+01	3.271E+00
203	970.58	2.079E-02	9.321E-04	8.739E+01	3.219E+00
204	973.81	2.163E-02	9.772E-04	8.730E+01	3.235E+00
205	977.03	2.198E-02	1.037E-03	8.826E+01	3.325E+00
206	980.25	2.316E-02	1.063E-03	8.874E+01	3.266E+00
207	983.47	2.335E-02	1.430E-03	8.776E+01	4.010E+00
208	986.69	2.293E-02	1.251E-03	8.922E+01	3.676E+00
209	989.91	2.214E-02	1.244E-03	9.006E+01	3.756E+00
210	993.13	1.875E-02	1.023E-03	9.057E+01	3.676E+00
211	996.34	1.708E-02	1.083E-03	8.909E+01	4.117E+00
212	999.56	1.476E-02	1.178E-03	9.012E+01	4.966E+00
213	1002.77	1.201E-02	1.114E-03	9.288E+01	5.666E+00
214	1005.98	9.764E-03	2.060E-03	8.662E+01	1.228E+01
215	1009.19	9.163E-03	1.894E-03	7.561E+01	1.273E+01
216	1012.40	6.803E-03	1.514E-03	8.146E+01	1.317E+01
217	1015.61	1.205E-02	1.928E-03	7.029E+01	1.043E+01
218	1018.82	2.016E-02	2.774E-03	7.318E+01	8.764E+00
219	1022.02	2.118E-02	3.128E-03	8.194E+01	8.838E+00
220	1025.23	2.876E-02	2.968E-03	7.735E+01	6.477E+00
221	1028.43	3.638E-02	3.373E-03	8.041E+01	5.781E+00
222	1031.63	4.411E-02	4.533E-03	8.090E+01	6.329E+00
223	1034.83	5.426E-02	6.957E-03	8.240E+01	7.717E+00
224	1038.03	5.358E-02	6.171E-03	8.079E+01	7.032E+00
225	1041.23	5.681E-02	7.466E-03	7.800E+01	8.083E+00
226	1044.42	4.943E-02	5.482E-03	8.173E+01	6.762E+00
227	1047.62	4.474E-02	6.496E-03	7.785E+01	8.895E+00
228	1050.81	4.823E-02	9.755E-03	7.154E+01	1.294E+01
229	1054.00	2.647E-02	7.155E-03	7.845E+01	1.623E+01
230	1057.20	1.699E-02	1.272E-02	9.724E+01	4.363E+01
231	1060.39	1.569E-02	1.593E-02	5.137E+01	8.779E+01
232	1063.57	1.426E-02	2.215E-02	1.759E+02	1.768E+03
233	1066.76	7.230E-02	5.716E-02	1.029E+02	4.767E+01
234	1069.95	2.262E-02	4.210E-02	5.195E+00	1.662E+03
235	1073.13	2.582E-01	1.321E-01	1.076E+02	3.218E+01
236	1076.31	1.091E-01	1.354E-01	8.679E+01	7.135E+01
237	1079.49	6.407E-01	5.330E-01	1.244E+02	6.630E+01
238	1082.67	1.361E-01	9.679E-02	1.220E+02	5.439E+01
239	1085.85	4.434E-01	3.268E-01	9.884E+01	4.329E+01
240	1089.03	9.971E-02	1.089E-01	4.558E+01	1.069E+02
241	1092.20	9.273E-02	1.262E-01	1.014E+02	8.108E+01
242	1095.37	1.100E-01	1.959E-01	9.953E+01	1.049E+02
243	1098.55	6.810E-02	1.450E-01	5.926E+00	1.666E+03
244	1101.72	8.254E-02	1.421E-01	7.991E+01	1.017E+02
245	1104.89	1.863E-01	1.045E-01	3.776E+01	6.687E+01
246	1108.05	1.586E-01	2.005E-01	1.523E+02	2.081E+02
247	1111.22	1.030E-01	6.861E-02	1.081E+02	4.206E+01
248	1114.38	1.386E+00	1.112E+00	5.852E+01	6.083E+01
249	1117.55	1.461E-01	1.131E-01	1.049E+02	4.742E+01
250	1120.71	7.653E-01	6.216E-01	9.023E+01	4.658E+01
251	1123.87	4.062E-02	1.033E-01	1.334E+02	2.436E+02
252	1127.03	1.256E-01	1.365E-01	6.706E+01	7.261E+01
253	1130.18	4.933E-01	3.727E-01	9.617E+01	4.383E+01
254	1133.34	2.023E-02	5.631E-02	1.416E+02	3.265E+02
255	1136.49	1.953E-02	2.066E-02	5.063E+01	9.283E+01
[END_OF_CALDATA]
