!FRM4SOC_CP
!LINDATA
# radiometric non-linearity family average

# comments start with # (ignored by the processor)
# no empty lines between the parameter signatures in [] and the parameter values
# parameters are case insensitive
# parameters can be inserted in any order, except the first two signatures
# columns are tab- or space-delimited

[VERSION]
0.1

[CALDATE]
2025-09-19 12:49:43

[CALLAB]
Tartu Observatory

[USER]
Riho Vendt

[DEVICE]
CLASS_HYPEROCR_RADIANCE

[REFERENCE_TEMP]
21.0

# pixel no, wavelength (nm), non-linearity coefficient alpha, uncertainty of alpha (k=2)
# type(s): uint8, single, single, single
[CALDATA]
0	320.00	0.00E+00	1.00E-07
1	322.50	0.00E+00	1.00E-07
2	325.00	0.00E+00	1.00E-07
3	327.50	0.00E+00	1.00E-07
4	330.00	0.00E+00	1.00E-07
5	332.50	0.00E+00	1.00E-07
6	335.00	0.00E+00	1.00E-07
7	337.50	0.00E+00	1.00E-07
8	340.00	0.00E+00	1.00E-07
9	342.50	0.00E+00	1.00E-07
10	345.00	0.00E+00	1.00E-07
11	347.50	0.00E+00	1.00E-07
12	350.00	0.00E+00	1.00E-07
13	352.50	0.00E+00	1.00E-07
14	355.00	0.00E+00	1.00E-07
15	357.50	0.00E+00	1.00E-07
16	360.00	0.00E+00	1.00E-07
17	362.50	0.00E+00	1.00E-07
18	365.00	0.00E+00	1.00E-07
19	367.50	0.00E+00	1.00E-07
20	370.00	0.00E+00	1.00E-07
21	372.50	0.00E+00	1.00E-07
22	375.00	0.00E+00	1.00E-07
23	377.50	0.00E+00	1.00E-07
24	380.00	0.00E+00	1.00E-07
25	382.50	0.00E+00	1.00E-07
26	385.00	0.00E+00	1.00E-07
27	387.50	0.00E+00	1.00E-07
28	390.00	0.00E+00	1.00E-07
29	392.50	0.00E+00	1.00E-07
30	395.00	0.00E+00	1.00E-07
31	397.50	0.00E+00	1.00E-07
32	400.00	0.00E+00	1.00E-07
33	402.50	0.00E+00	1.00E-07
34	405.00	0.00E+00	1.00E-07
35	407.50	0.00E+00	1.00E-07
36	410.00	0.00E+00	1.00E-07
37	412.50	0.00E+00	1.00E-07
38	415.00	0.00E+00	1.00E-07
39	417.50	0.00E+00	1.00E-07
40	420.00	0.00E+00	1.00E-07
41	422.50	3.40E-07	1.00E-07
42	425.00	6.87E-08	1.00E-07
43	427.50	-4.00E-08	1.00E-07
44	430.00	4.12E-08	1.00E-07
45	432.50	8.88E-09	1.00E-07
46	435.00	-3.22E-08	1.00E-07
47	437.50	-8.35E-08	1.00E-07
48	440.00	-6.72E-08	1.00E-07
49	442.50	-6.77E-08	1.00E-07
50	445.00	-9.48E-08	1.00E-07
51	447.50	-1.38E-07	1.00E-07
52	450.00	-1.49E-07	1.00E-07
53	452.50	-1.11E-07	1.00E-07
54	455.00	-1.03E-07	1.00E-07
55	457.50	-1.21E-07	1.00E-07
56	460.00	-1.40E-07	1.00E-07
57	462.50	-1.50E-07	1.00E-07
58	465.00	-1.37E-07	1.00E-07
59	467.50	-1.34E-07	1.00E-07
60	470.00	-1.38E-07	1.00E-07
61	472.50	-1.62E-07	1.00E-07
62	475.00	-1.90E-07	1.00E-07
63	477.50	-1.45E-07	1.00E-07
64	480.00	-1.31E-07	1.00E-07
65	482.50	-1.66E-07	1.00E-07
66	485.00	-1.74E-07	1.00E-07
67	487.50	-1.77E-07	1.00E-07
68	490.00	-1.77E-07	1.00E-07
69	492.50	-1.81E-07	1.00E-07
70	495.00	-2.00E-07	1.00E-07
71	497.50	-2.03E-07	1.00E-07
72	500.00	-2.21E-07	1.00E-07
73	502.50	-2.21E-07	1.00E-07
74	505.00	-2.17E-07	1.00E-07
75	507.50	-2.31E-07	1.00E-07
76	510.00	-2.33E-07	1.00E-07
77	512.50	-2.35E-07	1.00E-07
78	515.00	-2.37E-07	1.00E-07
79	517.50	-2.48E-07	1.00E-07
80	520.00	-2.50E-07	1.00E-07
81	522.50	-2.46E-07	1.00E-07
82	525.00	-2.56E-07	1.00E-07
83	527.50	-2.70E-07	1.00E-07
84	530.00	-2.74E-07	1.00E-07
85	532.50	-2.79E-07	1.00E-07
86	535.00	-2.87E-07	1.00E-07
87	537.50	-2.89E-07	1.00E-07
88	540.00	-2.89E-07	1.00E-07
89	542.50	-2.95E-07	1.00E-07
90	545.00	-2.94E-07	1.00E-07
91	547.50	-2.96E-07	1.00E-07
92	550.00	-3.03E-07	1.00E-07
93	552.50	-3.05E-07	1.00E-07
94	555.00	-3.10E-07	1.00E-07
95	557.50	-3.12E-07	1.00E-07
96	560.00	-3.18E-07	1.00E-07
97	562.50	-3.18E-07	1.00E-07
98	565.00	-3.21E-07	1.00E-07
99	567.50	-3.22E-07	1.00E-07
100	570.00	-3.28E-07	1.00E-07
101	572.50	-3.31E-07	1.00E-07
102	575.00	-3.36E-07	1.00E-07
103	577.50	-3.38E-07	1.00E-07
104	580.00	-3.41E-07	1.00E-07
105	582.50	-3.45E-07	1.00E-07
106	585.00	-3.44E-07	1.00E-07
107	587.50	-3.45E-07	1.00E-07
108	590.00	-3.46E-07	1.00E-07
109	592.50	-3.49E-07	1.00E-07
110	595.00	-3.56E-07	1.00E-07
111	597.50	-3.57E-07	1.00E-07
112	600.00	-3.64E-07	1.00E-07
113	602.50	-3.69E-07	1.00E-07
114	605.00	-3.70E-07	1.00E-07
115	607.50	-3.70E-07	1.00E-07
116	610.00	-3.76E-07	1.00E-07
117	612.50	-3.71E-07	1.00E-07
118	615.00	-3.77E-07	1.00E-07
119	617.50	-3.83E-07	1.00E-07
120	620.00	-3.82E-07	1.00E-07
121	622.50	-3.84E-07	1.00E-07
122	625.00	-3.89E-07	1.00E-07
123	627.50	-3.93E-07	1.00E-07
124	630.00	-3.94E-07	1.00E-07
125	632.50	-3.98E-07	1.00E-07
126	635.00	-3.96E-07	1.00E-07
127	637.50	-4.00E-07	1.00E-07
128	640.00	-4.02E-07	1.00E-07
129	642.50	-4.00E-07	1.00E-07
130	645.00	-4.00E-07	1.00E-07
131	647.50	-4.09E-07	1.00E-07
132	650.00	-4.11E-07	1.00E-07
133	652.50	-4.11E-07	1.00E-07
134	655.00	-4.09E-07	1.00E-07
135	657.50	-4.13E-07	1.00E-07
136	660.00	-4.17E-07	1.00E-07
137	662.50	-4.16E-07	1.00E-07
138	665.00	-4.16E-07	1.00E-07
139	667.50	-4.24E-07	1.00E-07
140	670.00	-4.25E-07	1.00E-07
141	672.50	-4.23E-07	1.00E-07
142	675.00	-4.29E-07	1.00E-07
143	677.50	-4.31E-07	1.00E-07
144	680.00	-4.29E-07	1.00E-07
145	682.50	-4.31E-07	1.00E-07
146	685.00	-4.38E-07	1.00E-07
147	687.50	-4.35E-07	1.00E-07
148	690.00	-4.31E-07	1.00E-07
149	692.50	-4.36E-07	1.00E-07
150	695.00	-4.42E-07	1.00E-07
151	697.50	-4.36E-07	1.00E-07
152	700.00	-4.36E-07	1.00E-07
153	702.50	-4.44E-07	1.00E-07
154	705.00	-4.50E-07	1.00E-07
155	707.50	-4.45E-07	1.00E-07
156	710.00	-4.46E-07	1.00E-07
157	712.50	-4.52E-07	1.00E-07
158	715.00	-4.56E-07	1.00E-07
159	717.50	-4.51E-07	1.00E-07
160	720.00	-4.54E-07	1.00E-07
161	722.50	-4.56E-07	1.00E-07
162	725.00	-4.59E-07	1.00E-07
163	727.50	-4.60E-07	1.00E-07
164	730.00	-4.65E-07	1.00E-07
165	732.50	-4.70E-07	1.00E-07
166	735.00	-4.69E-07	1.00E-07
167	737.50	-4.70E-07	1.00E-07
168	740.00	-4.75E-07	1.00E-07
169	742.50	-4.76E-07	1.00E-07
170	745.00	-4.73E-07	1.00E-07
171	747.50	-4.70E-07	1.00E-07
172	750.00	-4.74E-07	1.00E-07
173	752.50	-4.71E-07	1.00E-07
174	755.00	-4.74E-07	1.00E-07
175	757.50	-4.77E-07	1.00E-07
176	760.00	-4.78E-07	1.00E-07
177	762.50	-4.78E-07	1.00E-07
178	765.00	-4.79E-07	1.00E-07
179	767.50	-4.82E-07	1.00E-07
180	770.00	-4.87E-07	1.00E-07
181	772.50	-4.87E-07	1.00E-07
182	775.00	-4.90E-07	1.00E-07
183	777.50	-4.94E-07	1.00E-07
184	780.00	-4.92E-07	1.00E-07
185	782.50	-4.93E-07	1.00E-07
186	785.00	-4.86E-07	1.00E-07
187	787.50	-4.94E-07	1.00E-07
188	790.00	-4.96E-07	1.00E-07
189	792.50	-4.95E-07	1.00E-07
190	795.00	-4.97E-07	1.00E-07
191	797.50	-5.01E-07	1.00E-07
192	800.00	-5.02E-07	1.00E-07
193	802.50	-5.04E-07	1.00E-07
194	805.00	-4.77E-07	1.00E-07
195	807.50	-4.77E-07	1.00E-07
196	810.00	-4.79E-07	1.00E-07
197	812.50	-4.76E-07	1.00E-07
198	815.00	-4.72E-07	1.00E-07
199	817.50	-4.79E-07	1.00E-07
200	820.00	-4.74E-07	1.00E-07
201	822.50	-4.67E-07	1.00E-07
202	825.00	-4.92E-07	1.00E-07
203	827.50	-4.80E-07	1.00E-07
204	830.00	-4.72E-07	1.00E-07
205	832.50	-4.78E-07	1.00E-07
206	835.00	-4.87E-07	1.00E-07
207	837.50	-4.95E-07	1.00E-07
208	840.00	-4.80E-07	1.00E-07
209	842.50	-4.77E-07	1.00E-07
210	845.00	-4.83E-07	1.00E-07
211	847.50	-4.96E-07	1.00E-07
212	850.00	-4.93E-07	1.00E-07
213	852.50	-4.75E-07	1.00E-07
214	855.00	-4.68E-07	1.00E-07
215	857.50	-4.89E-07	1.00E-07
216	860.00	-5.16E-07	1.00E-07
217	862.50	-5.21E-07	1.00E-07
218	865.00	-5.28E-07	1.00E-07
219	867.50	-5.23E-07	1.00E-07
220	870.00	-5.51E-07	1.00E-07
221	872.50	-5.28E-07	1.00E-07
222	875.00	-5.15E-07	1.00E-07
223	877.50	-4.95E-07	1.00E-07
224	880.00	-5.48E-07	1.00E-07
225	882.50	-5.88E-07	1.00E-07
226	885.00	-5.33E-07	1.00E-07
227	887.50	-5.07E-07	1.00E-07
228	890.00	-5.39E-07	1.00E-07
229	892.50	-5.43E-07	1.00E-07
230	895.00	-5.80E-07	1.00E-07
231	897.50	-5.52E-07	1.00E-07
232	900.00	-5.42E-07	1.00E-07
233	902.50	-5.42E-07	1.00E-07
234	905.00	-5.42E-07	1.00E-07
235	907.50	-5.42E-07	1.00E-07
236	910.00	-5.42E-07	1.00E-07
237	912.50	-5.42E-07	1.00E-07
238	915.00	-5.42E-07	1.00E-07
239	917.50	-5.42E-07	1.00E-07
240	920.00	-5.42E-07	1.00E-07
241	922.50	-5.42E-07	1.00E-07
242	925.00	-5.42E-07	1.00E-07
243	927.50	-5.42E-07	1.00E-07
244	930.00	-5.42E-07	1.00E-07
245	932.50	-5.42E-07	1.00E-07
246	935.00	-5.42E-07	1.00E-07
247	937.50	-5.42E-07	1.00E-07
248	940.00	-5.42E-07	1.00E-07
249	942.50	-5.42E-07	1.00E-07
250	945.00	-5.42E-07	1.00E-07
251	947.50	-5.42E-07	1.00E-07
252	950.00	-5.42E-07	1.00E-07
253	952.50	-5.42E-07	1.00E-07
254	955.00	-5.42E-07	1.00E-07
255	957.50	-5.42E-07	1.00E-07
[END_OF_CALDATA]
