!FRM4SOC_CP
!POLDATA
# polarization sensitivity characterization results

# comments start with # (ignored by the processor)
# no empty lines between the parameter signatures in [] and the parameter values
# parameters are case insensitive
# parameters can be inserted in any order, except the first two signatures
# columns are tab- or space-delimited

# file format version
# type(s): string(255)
[VERSION]
0.1

# calibration date
# type(s): fixed format as shown
[CALDATE]
2022-06-02 15:25:09

# calibration lab name
# type(s): string(255)
[CALLAB]
Tartu Observatory

# calibration lab person to contact
# type(s): string(255)
[USER]
Riho Vendt

# serial number of the instrument
# type(s): string(255)
[DEVICE]
SAM_8595

# lab temperature (deg Celsius) during cal/char measurements
# type(s): single
[AMBIENT_TEMP]
21.0

# pixel no, wavelength (nm), semi-amplitude, uncertainty (k=2), angle of the max sensitivity plane (rad), uncertainty (rad, k=2)
# type(s): uint8, single, single, single, single, single
[CALDATA]
0	302.16	0.000E+00	0.000E+00	0.000E+00	0.000E+00
1	305.49	1.033E-02	1.058E-02	6.482E+00	7.327E+02
2	308.83	7.615E-03	1.169E-02	1.564E+02	2.984E+02
3	312.16	1.730E-02	1.080E-02	6.963E+01	4.043E+01
4	315.49	3.651E-03	1.263E-02	1.323E+02	3.229E+02
5	318.83	8.536E-03	1.093E-02	1.040E+02	7.784E+01
6	322.16	1.011E-02	6.235E-03	1.026E+02	3.707E+01
7	325.50	7.608E-03	4.463E-03	1.734E+02	4.113E+02
8	328.83	8.113E-04	4.723E-03	1.238E+02	4.593E+02
9	332.17	1.651E-03	4.032E-03	2.247E+01	4.986E+02
10	335.50	5.261E-03	2.991E-03	1.297E+02	5.020E+01
11	338.84	2.769E-03	2.323E-03	4.072E+01	9.245E+01
12	342.18	8.293E-04	2.404E-03	6.804E+01	1.912E+02
13	345.51	1.113E-03	1.471E-03	3.558E+01	1.677E+02
14	348.85	6.833E-04	1.293E-03	6.012E+01	1.398E+02
15	352.19	8.763E-04	1.850E-03	3.585E+01	2.658E+02
16	355.53	8.187E-04	1.446E-03	1.746E+00	4.697E+03
17	358.87	3.501E-04	1.359E-03	4.394E+01	3.950E+02
18	362.20	1.441E-04	1.490E-03	5.865E+01	7.818E+02
19	365.54	6.572E-04	1.183E-03	1.286E+01	6.469E+02
20	368.88	5.270E-04	1.155E-03	2.167E+01	4.643E+02
21	372.22	3.235E-04	9.026E-04	5.052E+00	2.562E+03
22	375.56	3.762E-04	7.715E-04	2.069E+01	4.554E+02
23	378.91	8.362E-05	7.964E-04	3.820E+01	1.122E+03
24	382.25	3.095E-04	7.918E-04	5.282E+01	2.149E+02
25	385.59	2.934E-04	6.986E-04	2.608E+01	4.172E+02
26	388.93	3.489E-04	6.562E-04	7.775E+01	1.127E+02
27	392.27	2.590E-04	6.664E-04	6.369E+01	1.799E+02
28	395.61	2.943E-04	6.311E-04	8.445E+01	1.240E+02
29	398.96	3.417E-04	5.276E-04	1.074E+02	9.676E+01
30	402.30	2.265E-04	5.983E-04	1.469E+02	3.612E+02
31	405.64	3.136E-04	4.754E-04	1.246E+02	1.213E+02
32	408.98	3.325E-04	4.585E-04	1.057E+02	8.502E+01
33	412.33	3.059E-04	4.287E-04	1.164E+02	9.811E+01
34	415.67	3.897E-04	4.017E-04	1.222E+02	7.904E+01
35	419.01	3.574E-04	3.890E-04	1.299E+02	9.666E+01
36	422.36	4.328E-04	3.850E-04	1.276E+02	7.534E+01
37	425.70	3.862E-04	3.787E-04	1.394E+02	1.083E+02
38	429.05	4.681E-04	3.775E-04	1.492E+02	1.191E+02
39	432.39	4.937E-04	3.497E-04	1.452E+02	9.198E+01
40	435.73	4.459E-04	3.722E-04	1.531E+02	1.418E+02
41	439.08	4.293E-04	3.477E-04	1.635E+02	2.257E+02
42	442.42	3.890E-04	3.432E-04	1.720E+02	5.104E+02
43	445.77	4.328E-04	3.392E-04	1.718E+02	4.418E+02
44	449.11	5.311E-04	3.319E-04	1.645E+02	1.854E+02
45	452.46	6.037E-04	3.269E-04	1.653E+02	1.702E+02
46	455.80	6.726E-04	3.399E-04	1.767E+02	7.056E+02
47	459.15	6.595E-04	3.579E-04	1.790E+02	2.487E+03
48	462.49	7.912E-04	3.637E-04	1.767E+02	6.492E+02
49	465.84	9.397E-04	3.392E-04	1.764E+02	4.701E+02
50	469.18	9.915E-04	3.474E-04	1.766E+02	4.746E+02
51	472.52	1.015E-03	3.439E-04	1.765E+02	4.448E+02
52	475.87	1.038E-03	3.138E-04	1.744E+02	2.490E+02
53	479.21	1.025E-03	3.429E-04	1.725E+02	2.068E+02
54	482.56	1.094E-03	3.584E-04	1.699E+02	1.496E+02
55	485.90	1.096E-03	3.569E-04	1.703E+02	1.548E+02
56	489.25	1.214E-03	3.330E-04	1.708E+02	1.374E+02
57	492.59	1.215E-03	3.404E-04	1.665E+02	9.535E+01
58	495.94	1.267E-03	3.456E-04	1.640E+02	7.813E+01
59	499.28	1.196E-03	3.389E-04	1.616E+02	7.049E+01
60	502.63	1.238E-03	3.417E-04	1.645E+02	8.177E+01
61	505.97	1.390E-03	3.333E-04	1.619E+02	6.069E+01
62	509.31	1.508E-03	3.283E-04	1.605E+02	5.106E+01
63	512.66	1.662E-03	3.458E-04	1.581E+02	4.323E+01
64	516.00	1.742E-03	3.753E-04	1.596E+02	4.813E+01
65	519.35	1.741E-03	3.231E-04	1.594E+02	4.107E+01
66	522.69	1.790E-03	3.140E-04	1.582E+02	3.657E+01
67	526.03	1.852E-03	3.200E-04	1.553E+02	3.165E+01
68	529.38	1.913E-03	3.545E-04	1.532E+02	3.130E+01
69	532.72	2.016E-03	3.853E-04	1.532E+02	3.231E+01
70	536.06	2.073E-03	3.341E-04	1.550E+02	2.913E+01
71	539.40	2.259E-03	3.095E-04	1.530E+02	2.278E+01
72	542.75	2.342E-03	3.051E-04	1.525E+02	2.125E+01
73	546.09	2.444E-03	3.455E-04	1.505E+02	2.148E+01
74	549.43	2.433E-03	4.249E-04	1.511E+02	2.726E+01
75	552.77	2.386E-03	3.858E-04	1.517E+02	2.578E+01
76	556.11	2.408E-03	3.048E-04	1.528E+02	2.081E+01
77	559.45	2.457E-03	3.010E-04	1.513E+02	1.906E+01
78	562.79	2.629E-03	2.996E-04	1.487E+02	1.619E+01
79	566.13	2.692E-03	3.894E-04	1.484E+02	2.053E+01
80	569.47	2.725E-03	4.632E-04	1.493E+02	2.496E+01
81	572.81	2.934E-03	4.027E-04	1.497E+02	2.029E+01
82	576.15	3.199E-03	3.132E-04	1.498E+02	1.431E+01
83	579.49	3.548E-03	2.871E-04	1.478E+02	1.096E+01
84	582.83	3.736E-03	2.997E-04	1.463E+02	1.041E+01
85	586.17	3.904E-03	4.011E-04	1.443E+02	1.273E+01
86	589.51	3.953E-03	5.295E-04	1.457E+02	1.747E+01
87	592.85	4.036E-03	5.123E-04	1.466E+02	1.699E+01
88	596.18	4.095E-03	3.605E-04	1.462E+02	1.145E+01
89	599.52	4.209E-03	2.968E-04	1.460E+02	8.965E+00
90	602.86	4.303E-03	2.994E-04	1.440E+02	8.358E+00
91	606.19	4.278E-03	3.654E-04	1.434E+02	1.024E+01
92	609.53	4.266E-03	5.121E-04	1.426E+02	1.428E+01
93	612.86	4.083E-03	6.070E-04	1.446E+02	1.879E+01
94	616.20	3.941E-03	5.473E-04	1.449E+02	1.768E+01
95	619.53	3.921E-03	3.784E-04	1.461E+02	1.259E+01
96	622.86	3.932E-03	2.986E-04	1.459E+02	9.674E+00
97	626.20	4.006E-03	2.948E-04	1.453E+02	9.210E+00
98	629.53	4.053E-03	3.373E-04	1.443E+02	1.023E+01
99	632.86	4.106E-03	5.126E-04	1.437E+02	1.534E+01
100	636.19	4.089E-03	6.525E-04	1.438E+02	1.972E+01
101	639.52	4.068E-03	6.544E-04	1.437E+02	1.984E+01
102	642.85	4.056E-03	5.148E-04	1.446E+02	1.598E+01
103	646.18	4.117E-03	3.356E-04	1.431E+02	9.688E+00
104	649.51	4.297E-03	2.773E-04	1.427E+02	7.457E+00
105	652.84	4.523E-03	2.791E-04	1.414E+02	6.874E+00
106	656.17	4.881E-03	4.098E-04	1.400E+02	9.222E+00
107	659.50	5.201E-03	5.947E-04	1.403E+02	1.278E+01
108	662.82	5.574E-03	7.626E-04	1.405E+02	1.544E+01
109	666.15	6.044E-03	7.626E-04	1.406E+02	1.426E+01
110	669.48	6.611E-03	5.538E-04	1.415E+02	9.560E+00
111	672.80	7.152E-03	4.052E-04	1.418E+02	6.319E+00
112	676.13	7.571E-03	3.628E-04	1.419E+02	5.217E+00
113	679.45	7.789E-03	3.701E-04	1.409E+02	5.065E+00
114	682.77	7.779E-03	4.248E-04	1.407E+02	5.910E+00
115	686.09	7.640E-03	6.087E-04	1.398E+02	8.688E+00
116	689.42	7.390E-03	8.435E-04	1.401E+02	1.271E+01
117	692.74	7.181E-03	8.954E-04	1.403E+02	1.397E+01
118	696.06	6.956E-03	7.382E-04	1.404E+02	1.189E+01
119	699.38	6.903E-03	5.357E-04	1.406E+02	8.620E+00
120	702.69	6.931E-03	3.735E-04	1.398E+02	5.712E+00
121	706.01	7.062E-03	3.484E-04	1.397E+02	5.169E+00
122	709.33	7.263E-03	3.494E-04	1.387E+02	4.920E+00
123	712.65	7.397E-03	4.045E-04	1.380E+02	5.597E+00
124	715.96	7.518E-03	6.328E-04	1.381E+02	8.847E+00
125	719.28	7.585E-03	8.552E-04	1.384E+02	1.204E+01
126	722.59	7.554E-03	9.615E-04	1.389E+02	1.378E+01
127	725.90	7.533E-03	9.404E-04	1.397E+02	1.376E+01
128	729.22	7.660E-03	7.180E-04	1.402E+02	1.040E+01
129	732.53	7.780E-03	4.965E-04	1.406E+02	6.996E+00
130	735.84	7.987E-03	3.902E-04	1.404E+02	5.179E+00
131	739.15	8.210E-03	3.880E-04	1.401E+02	4.955E+00
132	742.46	8.503E-03	3.929E-04	1.394E+02	4.763E+00
133	745.76	8.796E-03	4.621E-04	1.388E+02	5.439E+00
134	749.07	8.883E-03	6.529E-04	1.390E+02	7.833E+00
135	752.38	9.013E-03	9.045E-04	1.388E+02	1.077E+01
136	755.68	9.034E-03	1.063E-03	1.390E+02	1.275E+01
137	758.99	9.023E-03	1.051E-03	1.399E+02	1.289E+01
138	762.29	9.055E-03	9.028E-04	1.403E+02	1.112E+01
139	765.59	9.221E-03	6.868E-04	1.401E+02	8.161E+00
140	768.89	9.463E-03	5.095E-04	1.400E+02	5.735E+00
141	772.19	1.007E-02	4.628E-04	1.401E+02	4.804E+00
142	775.49	1.095E-02	4.886E-04	1.403E+02	4.646E+00
143	778.79	1.200E-02	5.336E-04	1.397E+02	4.576E+00
144	782.09	1.308E-02	5.985E-04	1.394E+02	4.713E+00
145	785.39	1.404E-02	7.648E-04	1.392E+02	5.710E+00
146	788.68	1.476E-02	9.788E-04	1.390E+02	7.027E+00
147	791.98	1.539E-02	1.158E-03	1.386E+02	7.956E+00
148	795.27	1.571E-02	1.227E-03	1.387E+02	8.290E+00
149	798.56	1.597E-02	1.176E-03	1.386E+02	7.785E+00
150	801.85	1.603E-02	9.950E-04	1.384E+02	6.469E+00
151	805.14	1.596E-02	8.392E-04	1.384E+02	5.399E+00
152	808.43	1.597E-02	7.382E-04	1.382E+02	4.661E+00
153	811.72	1.588E-02	6.988E-04	1.379E+02	4.391E+00
154	815.01	1.586E-02	7.001E-04	1.372E+02	4.355E+00
155	818.29	1.578E-02	6.815E-04	1.363E+02	4.190E+00
156	821.58	1.590E-02	7.056E-04	1.364E+02	4.321E+00
157	824.86	1.577E-02	8.130E-04	1.358E+02	5.038E+00
158	828.14	1.585E-02	9.881E-04	1.356E+02	6.137E+00
159	831.42	1.591E-02	1.126E-03	1.353E+02	6.960E+00
160	834.70	1.588E-02	1.226E-03	1.350E+02	7.565E+00
161	837.98	1.589E-02	1.248E-03	1.353E+02	7.748E+00
162	841.26	1.599E-02	1.132E-03	1.347E+02	6.870E+00
163	844.54	1.596E-02	9.682E-04	1.351E+02	5.910E+00
164	847.81	1.610E-02	8.143E-04	1.348E+02	4.854E+00
165	851.08	1.627E-02	7.030E-04	1.356E+02	4.147E+00
166	854.36	1.644E-02	7.410E-04	1.356E+02	4.345E+00
167	857.63	1.661E-02	7.377E-04	1.349E+02	4.229E+00
168	860.90	1.676E-02	7.285E-04	1.348E+02	4.126E+00
169	864.17	1.700E-02	7.490E-04	1.349E+02	4.189E+00
170	867.43	1.721E-02	7.423E-04	1.347E+02	4.081E+00
171	870.70	1.758E-02	8.436E-04	1.344E+02	4.553E+00
172	873.97	1.783E-02	1.063E-03	1.340E+02	5.686E+00
173	877.23	1.773E-02	1.148E-03	1.342E+02	6.209E+00
174	880.49	1.792E-02	1.221E-03	1.345E+02	6.580E+00
175	883.75	1.838E-02	1.315E-03	1.348E+02	6.970E+00
176	887.01	1.856E-02	1.239E-03	1.346E+02	6.462E+00
177	890.27	1.885E-02	1.067E-03	1.343E+02	5.409E+00
178	893.53	1.889E-02	9.488E-04	1.351E+02	4.839E+00
179	896.78	1.914E-02	9.040E-04	1.350E+02	4.523E+00
180	900.04	1.976E-02	8.538E-04	1.352E+02	4.119E+00
181	903.29	2.006E-02	8.694E-04	1.355E+02	4.152E+00
182	906.54	2.042E-02	9.240E-04	1.351E+02	4.329E+00
183	909.79	2.071E-02	9.403E-04	1.353E+02	4.359E+00
184	913.04	2.112E-02	9.034E-04	1.353E+02	4.079E+00
185	916.29	2.124E-02	8.975E-04	1.355E+02	4.042E+00
186	919.53	2.204E-02	9.179E-04	1.336E+02	3.875E+00
187	922.78	2.276E-02	1.049E-03	1.345E+02	4.373E+00
188	926.02	2.399E-02	1.176E-03	1.340E+02	4.634E+00
189	929.26	2.556E-02	1.315E-03	1.340E+02	4.874E+00
190	932.50	2.693E-02	1.340E-03	1.348E+02	4.771E+00
191	935.74	2.857E-02	1.522E-03	1.350E+02	5.142E+00
192	938.97	2.980E-02	1.516E-03	1.340E+02	4.813E+00
193	942.21	3.028E-02	1.405E-03	1.353E+02	4.456E+00
194	945.44	3.018E-02	1.392E-03	1.352E+02	4.419E+00
195	948.67	3.019E-02	1.415E-03	1.349E+02	4.476E+00
196	951.90	2.959E-02	1.262E-03	1.344E+02	4.018E+00
197	955.13	2.917E-02	1.229E-03	1.347E+02	3.979E+00
198	958.36	2.861E-02	1.217E-03	1.349E+02	4.029E+00
199	961.59	2.827E-02	1.265E-03	1.346E+02	4.244E+00
200	964.81	2.832E-02	1.382E-03	1.352E+02	4.702E+00
201	968.03	2.913E-02	1.354E-03	1.353E+02	4.468E+00
202	971.25	3.054E-02	1.317E-03	1.353E+02	4.117E+00
203	974.47	3.288E-02	1.347E-03	1.353E+02	3.891E+00
204	977.69	3.553E-02	1.503E-03	1.359E+02	4.068E+00
205	980.90	3.754E-02	1.656E-03	1.351E+02	4.211E+00
206	984.12	4.019E-02	1.830E-03	1.348E+02	4.333E+00
207	987.33	4.204E-02	1.867E-03	1.352E+02	4.245E+00
208	990.54	4.394E-02	2.011E-03	1.349E+02	4.366E+00
209	993.75	4.486E-02	2.070E-03	1.358E+02	4.466E+00
210	996.96	4.476E-02	1.886E-03	1.360E+02	4.052E+00
211	1000.16	4.530E-02	2.109E-03	1.355E+02	4.493E+00
212	1003.37	4.502E-02	1.949E-03	1.363E+02	4.198E+00
213	1006.57	4.390E-02	2.125E-03	1.357E+02	4.696E+00
214	1009.77	4.328E-02	1.890E-03	1.351E+02	4.161E+00
215	1012.97	4.243E-02	1.990E-03	1.356E+02	4.531E+00
216	1016.16	4.220E-02	1.925E-03	1.354E+02	4.381E+00
217	1019.36	4.205E-02	1.815E-03	1.354E+02	4.129E+00
218	1022.55	4.182E-02	2.166E-03	1.355E+02	5.031E+00
219	1025.74	4.417E-02	2.128E-03	1.349E+02	4.611E+00
220	1028.93	4.271E-02	2.627E-03	1.386E+02	6.430E+00
221	1032.12	4.376E-02	2.386E-03	1.292E+02	4.792E+00
222	1035.31	4.141E-02	2.300E-03	1.335E+02	5.234E+00
223	1038.49	3.959E-02	2.460E-03	1.408E+02	6.833E+00
224	1041.67	3.647E-02	3.139E-03	1.245E+02	6.969E+00
225	1044.85	3.515E-02	7.118E-03	1.394E+02	2.232E+01
226	1048.03	3.458E-02	6.580E-03	1.252E+02	1.543E+01
227	1051.21	2.259E-02	5.061E-03	1.420E+02	2.643E+01
228	1054.38	2.511E-02	6.965E-03	1.316E+02	2.551E+01
229	1057.55	2.285E-02	1.557E-02	1.254E+02	5.537E+01
230	1060.72	2.401E-02	1.167E-02	1.784E+02	1.442E+03
231	1063.89	3.798E-02	1.300E-02	1.295E+02	3.010E+01
232	1067.06	1.365E-02	2.326E-02	1.795E+02	1.466E+04
233	1070.22	3.590E-02	1.923E-02	1.473E+02	7.406E+01
234	1073.39	5.029E-02	2.987E-02	1.277E+02	5.045E+01
235	1076.55	1.530E-02	3.606E-02	6.725E+01	1.570E+02
236	1079.71	4.035E-02	5.711E-02	1.133E+02	9.500E+01
237	1082.86	4.916E-02	4.961E-02	1.162E+02	7.048E+01
238	1086.02	2.369E-02	8.467E-02	2.387E+01	6.857E+02
239	1089.17	2.424E-01	2.079E-01	8.152E+01	5.026E+01
240	1092.32	2.667E-02	2.158E-01	2.438E+01	1.519E+03
241	1095.47	1.218E+00	8.704E-01	6.072E+01	5.228E+01
242	1098.62	7.480E-01	9.564E-01	5.651E+01	1.003E+02
243	1101.76	3.888E-01	3.012E-01	1.468E+02	1.056E+02
244	1104.90	6.708E-01	9.708E-01	7.333E+01	9.006E+01
245	1108.04	2.911E-01	3.198E-01	1.196E+02	8.078E+01
246	1111.18	5.013E-01	3.085E-01	1.314E+02	5.633E+01
247	1114.32	1.727E-01	1.789E-01	1.129E+02	6.911E+01
248	1117.45	1.487E-01	1.913E-01	4.692E+01	1.222E+02
249	1120.58	1.050E-01	1.898E-01	6.221E+01	1.291E+02
250	1123.71	9.775E-02	1.818E-01	5.654E+01	1.459E+02
251	1126.84	2.042E-01	1.849E-01	2.908E+01	1.417E+02
252	1129.97	2.385E-01	1.996E-01	6.409E+01	5.822E+01
253	1133.09	2.691E-01	2.529E-01	8.767E+01	5.396E+01
254	1136.21	8.246E-02	9.530E-02	1.131E+02	7.735E+01
255	1139.33	3.582E-03	1.837E-02	2.976E+01	7.839E+02
[END_OF_CALDATA]
