!FRM4SOC_CP
!RADCAL
# radiometric calibration coefs & linearity, lamp and panel data

# comments start with # (ignored by the processor)
# no empty lines between the parameter signatures in [] and the parameter values
# parameters are case insensitive
# parameters can be inserted in any order, except the first two signatures
# columns are tab- or space-delimited

[VERSION]
0.1

[CALDATE]
2022-03-16 11:42:25

[CALLAB]
Tartu Observatory

[USER]
Riho Vendt

[LAMP_ID]
714

[PANEL_ID]
SG3151_2019

[DEVICE]
SAT0464

[LAMP_CCT]
3119.0

[LAMPDATA]
250.00	0.00	0.2235	6.01
250.50	0.00	0.2299	5.97
251.00	0.00	0.2364	5.93
251.50	0.00	0.2431	5.89
252.00	0.00	0.2499	5.85
252.50	0.00	0.2569	5.81
253.00	0.00	0.2640	5.77
253.50	0.00	0.2714	5.73
254.00	0.00	0.2788	5.69
254.50	0.00	0.2865	5.65
255.00	0.00	0.2943	5.61
255.50	0.00	0.3022	5.57
256.00	0.00	0.3104	5.53
256.50	0.00	0.3187	5.49
257.00	0.00	0.3272	5.45
257.50	0.00	0.3359	5.41
258.00	0.00	0.3448	5.37
258.50	0.00	0.3538	5.33
259.00	0.00	0.3631	5.29
259.50	0.00	0.3725	5.25
260.00	0.00	0.3822	5.21
260.50	0.00	0.3920	5.17
261.00	0.00	0.4020	5.13
261.50	0.00	0.4123	5.09
262.00	0.00	0.4227	5.05
262.50	0.00	0.4334	5.01
263.00	0.00	0.4443	4.97
263.50	0.00	0.4554	4.93
264.00	0.00	0.4667	4.89
264.50	0.00	0.4782	4.85
265.00	0.00	0.4899	4.81
265.50	0.00	0.5019	4.77
266.00	0.00	0.5141	4.73
266.50	0.00	0.5266	4.69
267.00	0.00	0.5393	4.65
267.50	0.00	0.5522	4.61
268.00	0.00	0.5654	4.57
268.50	0.00	0.5788	4.53
269.00	0.00	0.5925	4.49
269.50	0.00	0.6064	4.45
270.00	0.00	0.6206	4.41
270.50	0.00	0.6350	4.37
271.00	0.00	0.6497	4.33
271.50	0.00	0.6647	4.29
272.00	0.00	0.6799	4.25
272.50	0.00	0.6955	4.21
273.00	0.00	0.7112	4.17
273.50	0.00	0.7273	4.13
274.00	0.00	0.7437	4.09
274.50	0.00	0.7603	4.05
275.00	0.00	0.7772	4.01
275.50	0.00	0.7944	3.97
276.00	0.00	0.8119	3.93
276.50	0.00	0.8298	3.89
277.00	0.00	0.8479	3.85
277.50	0.00	0.8663	3.81
278.00	0.00	0.8850	3.77
278.50	0.00	0.9041	3.73
279.00	0.00	0.9234	3.69
279.50	0.00	0.9431	3.65
280.00	0.00	0.9631	3.61
280.50	0.00	0.9835	3.57
281.00	0.00	1.0041	3.53
281.50	0.00	1.0251	3.49
282.00	0.00	1.0464	3.45
282.50	0.00	1.0681	3.41
283.00	0.00	1.0901	3.37
283.50	0.00	1.1125	3.33
284.00	0.00	1.1352	3.29
284.50	0.00	1.1583	3.25
285.00	0.00	1.1817	3.21
285.50	0.00	1.2055	3.17
286.00	0.00	1.2296	3.13
286.50	0.00	1.2541	3.09
287.00	0.00	1.2790	3.05
287.50	0.00	1.3043	3.01
288.00	0.00	1.3299	2.97
288.50	0.00	1.3560	2.93
289.00	0.00	1.3824	2.89
289.50	0.00	1.4092	2.85
290.00	0.00	1.4364	2.81
290.50	0.00	1.4639	2.69
291.00	0.00	1.4919	2.67
291.50	0.00	1.5203	2.65
292.00	0.00	1.5491	2.63
292.50	0.00	1.5783	2.61
293.00	0.00	1.6080	2.59
293.50	0.00	1.6380	2.57
294.00	0.00	1.6685	2.55
294.50	0.00	1.6993	2.53
295.00	0.00	1.7307	2.51
295.50	0.00	1.7624	2.49
296.00	0.00	1.7946	2.47
296.50	0.00	1.8272	2.45
297.00	0.00	1.8603	2.43
297.50	0.00	1.8938	2.41
298.00	0.00	1.9277	2.39
298.50	0.00	1.9621	2.37
299.00	0.00	1.9970	2.35
299.50	0.00	2.0323	2.33
300.00	0.00	2.0681	2.31
300.50	0.00	2.1043	2.29
301.00	0.00	2.1411	2.27
301.50	0.00	2.1782	2.25
302.00	0.00	2.2159	2.23
302.50	0.00	2.2541	2.21
303.00	0.00	2.2927	2.19
303.50	0.00	2.3318	2.17
304.00	0.00	2.3714	2.15
304.50	0.00	2.4115	2.13
305.00	0.00	2.4521	2.11
305.50	0.00	2.4932	2.09
306.00	0.00	2.5348	2.08
306.50	0.00	2.5770	2.06
307.00	0.00	2.6196	2.04
307.50	0.00	2.6627	2.02
308.00	0.00	2.7064	2.00
308.50	0.00	2.7506	1.98
309.00	0.00	2.7953	1.96
309.50	0.00	2.8405	1.94
310.00	0.00	2.8862	1.92
310.50	0.00	2.9325	1.90
311.00	0.00	2.9794	1.88
311.50	0.00	3.0267	1.86
312.00	0.00	3.0747	1.84
312.50	0.00	3.1231	1.82
313.00	0.00	3.1721	1.80
313.50	0.00	3.2217	1.78
314.00	0.00	3.2718	1.76
314.50	0.00	3.3225	1.74
315.00	0.00	3.3738	1.72
315.50	0.00	3.4256	1.72
316.00	0.00	3.4780	1.72
316.50	0.00	3.5309	1.72
317.00	0.00	3.5844	1.72
317.50	0.00	3.6386	1.72
318.00	0.00	3.6933	1.72
318.50	0.00	3.7485	1.72
319.00	0.00	3.8044	1.72
319.50	0.00	3.8609	1.72
320.00	0.00	3.9179	1.72
320.50	0.00	3.9756	1.72
321.00	0.00	4.0338	1.72
321.50	0.00	4.0927	1.72
322.00	0.00	4.1521	1.72
322.50	0.00	4.2122	1.72
323.00	0.00	4.2729	1.72
323.50	0.00	4.3342	1.72
324.00	0.00	4.3961	1.72
324.50	0.00	4.4586	1.72
325.00	0.00	4.5218	1.72
325.50	0.00	4.5856	1.72
326.00	0.00	4.6500	1.72
326.50	0.00	4.7151	1.72
327.00	0.00	4.7808	1.72
327.50	0.00	4.8471	1.72
328.00	0.00	4.9140	1.72
328.50	0.00	4.9817	1.72
329.00	0.00	5.0499	1.72
329.50	0.00	5.1188	1.72
330.00	0.00	5.1884	1.72
330.50	0.00	5.2586	1.72
331.00	0.00	5.3295	1.72
331.50	0.00	5.4010	1.72
332.00	0.00	5.4732	1.72
332.50	0.00	5.5460	1.72
333.00	0.00	5.6195	1.72
333.50	0.00	5.6937	1.72
334.00	0.00	5.7686	1.72
334.50	0.00	5.8441	1.72
335.00	0.00	5.9204	1.72
335.50	0.00	5.9973	1.72
336.00	0.00	6.0748	1.72
336.50	0.00	6.1531	1.72
337.00	0.00	6.2321	1.72
337.50	0.00	6.3117	1.72
338.00	0.00	6.3920	1.72
338.50	0.00	6.4731	1.72
339.00	0.00	6.5548	1.72
339.50	0.00	6.6372	1.72
340.00	0.00	6.7203	1.72
340.50	0.00	6.8042	1.72
341.00	0.00	6.8887	1.72
341.50	0.00	6.9739	1.72
342.00	0.00	7.0599	1.72
342.50	0.00	7.1465	1.72
343.00	0.00	7.2339	1.72
343.50	0.00	7.3220	1.72
344.00	0.00	7.4108	1.72
344.50	0.00	7.5004	1.72
345.00	0.00	7.5906	1.72
345.50	0.00	7.6816	1.72
346.00	0.00	7.7733	1.72
346.50	0.00	7.8657	1.72
347.00	0.00	7.9589	1.72
347.50	0.00	8.0528	1.72
348.00	0.00	8.1474	1.72
348.50	0.00	8.2428	1.72
349.00	0.00	8.3389	1.72
349.50	0.00	8.4357	1.72
350.00	0.00	8.5333	1.72
350.50	0.00	8.6317	1.72
351.00	0.00	8.7307	1.72
351.50	0.00	8.8305	1.72
352.00	0.00	8.9311	1.72
352.50	0.00	9.0324	1.72
353.00	0.00	9.1345	1.72
353.50	0.00	9.2373	1.72
354.00	0.00	9.3409	1.72
354.50	0.00	9.4452	1.72
355.00	0.00	9.5503	1.72
355.50	0.00	9.6562	1.72
356.00	0.00	9.7628	1.72
356.50	0.00	9.8702	1.72
357.00	0.00	9.9783	1.72
357.50	0.00	10.0872	1.72
358.00	0.00	10.1969	1.72
358.50	0.00	10.3074	1.72
359.00	0.00	10.4186	1.72
359.50	0.00	10.5305	1.72
360.00	0.00	10.6433	1.72
360.50	0.00	10.7568	1.72
361.00	0.00	10.8711	1.72
361.50	0.00	10.9862	1.72
362.00	0.00	11.1021	1.72
362.50	0.00	11.2187	1.72
363.00	0.00	11.3361	1.72
363.50	0.00	11.4543	1.72
364.00	0.00	11.5733	1.72
364.50	0.00	11.6930	1.72
365.00	0.00	11.8136	1.72
365.50	0.00	11.9349	1.72
366.00	0.00	12.0570	1.72
366.50	0.00	12.1799	1.72
367.00	0.00	12.3036	1.72
367.50	0.00	12.4281	1.72
368.00	0.00	12.5534	1.72
368.50	0.00	12.6794	1.72
369.00	0.00	12.8063	1.72
369.50	0.00	12.9339	1.72
370.00	0.00	13.0623	1.72
370.50	0.00	13.1915	1.72
371.00	0.00	13.3216	1.72
371.50	0.00	13.4524	1.72
372.00	0.00	13.5840	1.72
372.50	0.00	13.7164	1.72
373.00	0.00	13.8496	1.72
373.50	0.00	13.9836	1.72
374.00	0.00	14.1184	1.72
374.50	0.00	14.2540	1.72
375.00	0.00	14.3904	1.72
375.50	0.00	14.5276	1.72
376.00	0.00	14.6656	1.72
376.50	0.00	14.8044	1.72
377.00	0.00	14.9440	1.72
377.50	0.00	15.0844	1.72
378.00	0.00	15.2256	1.72
378.50	0.00	15.3676	1.72
379.00	0.00	15.5104	1.72
379.50	0.00	15.6540	1.72
380.00	0.00	15.7984	1.72
380.50	0.00	15.9436	1.71
381.00	0.00	16.0897	1.71
381.50	0.00	16.2365	1.71
382.00	0.00	16.3841	1.70
382.50	0.00	16.5325	1.70
383.00	0.00	16.6818	1.69
383.50	0.00	16.8318	1.69
384.00	0.00	16.9827	1.69
384.50	0.00	17.1343	1.68
385.00	0.00	17.2868	1.68
385.50	0.00	17.4400	1.67
386.00	0.00	17.5941	1.67
386.50	0.00	17.7489	1.66
387.00	0.00	17.9046	1.66
387.50	0.00	18.0611	1.66
388.00	0.00	18.2184	1.65
388.50	0.00	18.3765	1.65
389.00	0.00	18.5353	1.64
389.50	0.00	18.6950	1.64
390.00	0.00	18.8555	1.64
390.50	0.00	19.0168	1.63
391.00	0.00	19.1789	1.63
391.50	0.00	19.3418	1.62
392.00	0.00	19.5055	1.62
392.50	0.00	19.6700	1.62
393.00	0.00	19.8354	1.61
393.50	0.00	20.0015	1.61
394.00	0.00	20.1684	1.60
394.50	0.00	20.3361	1.60
395.00	0.00	20.5046	1.59
395.50	0.00	20.6739	1.59
396.00	0.00	20.8440	1.59
396.50	0.00	21.0149	1.58
397.00	0.00	21.1866	1.58
397.50	0.00	21.3591	1.57
398.00	0.00	21.5324	1.57
398.50	0.00	21.7065	1.57
399.00	0.00	21.8814	1.56
399.50	0.00	22.0571	1.56
400.00	0.00	22.2335	1.55
400.50	0.00	22.4108	1.55
401.00	0.00	22.5889	1.55
401.50	0.00	22.7677	1.54
402.00	0.00	22.9474	1.54
402.50	0.00	23.1278	1.53
403.00	0.00	23.3090	1.53
403.50	0.00	23.4910	1.52
404.00	0.00	23.6738	1.52
404.50	0.00	23.8574	1.52
405.00	0.00	24.0418	1.51
405.50	0.00	24.2269	1.51
406.00	0.00	24.4129	1.50
406.50	0.00	24.5996	1.50
407.00	0.00	24.7871	1.50
407.50	0.00	24.9753	1.49
408.00	0.00	25.1644	1.49
408.50	0.00	25.3542	1.48
409.00	0.00	25.5448	1.48
409.50	0.00	25.7362	1.48
410.00	0.00	25.9284	1.47
410.50	0.00	26.1213	1.47
411.00	0.00	26.3150	1.46
411.50	0.00	26.5095	1.46
412.00	0.00	26.7047	1.45
412.50	0.00	26.9007	1.45
413.00	0.00	27.0975	1.45
413.50	0.00	27.2951	1.44
414.00	0.00	27.4934	1.44
414.50	0.00	27.6924	1.43
415.00	0.00	27.8923	1.43
415.50	0.00	28.0929	1.43
416.00	0.00	28.2942	1.42
416.50	0.00	28.4963	1.42
417.00	0.00	28.6992	1.41
417.50	0.00	28.9028	1.41
418.00	0.00	29.1071	1.41
418.50	0.00	29.3123	1.40
419.00	0.00	29.5181	1.40
419.50	0.00	29.7247	1.39
420.00	0.00	29.9321	1.39
420.50	0.00	30.1402	1.39
421.00	0.00	30.3490	1.38
421.50	0.00	30.5586	1.38
422.00	0.00	30.7689	1.37
422.50	0.00	30.9800	1.37
423.00	0.00	31.1918	1.36
423.50	0.00	31.4043	1.36
424.00	0.00	31.6176	1.36
424.50	0.00	31.8316	1.35
425.00	0.00	32.0463	1.35
425.50	0.00	32.2617	1.34
426.00	0.00	32.4779	1.34
426.50	0.00	32.6948	1.34
427.00	0.00	32.9124	1.33
427.50	0.00	33.1307	1.33
428.00	0.00	33.3498	1.32
428.50	0.00	33.5695	1.32
429.00	0.00	33.7900	1.32
429.50	0.00	34.0112	1.31
430.00	0.00	34.2330	1.31
430.50	0.00	34.4556	1.30
431.00	0.00	34.6789	1.30
431.50	0.00	34.9029	1.30
432.00	0.00	35.1276	1.29
432.50	0.00	35.3530	1.29
433.00	0.00	35.5791	1.28
433.50	0.00	35.8059	1.28
434.00	0.00	36.0334	1.27
434.50	0.00	36.2616	1.27
435.00	0.00	36.4904	1.27
435.50	0.00	36.7199	1.26
436.00	0.00	36.9502	1.26
436.50	0.00	37.1811	1.25
437.00	0.00	37.4126	1.25
437.50	0.00	37.6449	1.25
438.00	0.00	37.8778	1.24
438.50	0.00	38.1114	1.24
439.00	0.00	38.3457	1.23
439.50	0.00	38.5806	1.23
440.00	0.00	38.8162	1.23
440.50	0.00	39.0524	1.23
441.00	0.00	39.2893	1.23
441.50	0.00	39.5269	1.23
442.00	0.00	39.7651	1.23
442.50	0.00	40.0039	1.23
443.00	0.00	40.2435	1.23
443.50	0.00	40.4836	1.23
444.00	0.00	40.7244	1.23
444.50	0.00	40.9658	1.23
445.00	0.00	41.2079	1.23
445.50	0.00	41.4506	1.23
446.00	0.00	41.6940	1.23
446.50	0.00	41.9379	1.23
447.00	0.00	42.1825	1.23
447.50	0.00	42.4277	1.23
448.00	0.00	42.6736	1.23
448.50	0.00	42.9200	1.23
449.00	0.00	43.1671	1.23
449.50	0.00	43.4148	1.23
450.00	0.00	43.6631	1.23
450.50	0.00	43.9120	1.23
451.00	0.00	44.1615	1.23
451.50	0.00	44.4116	1.23
452.00	0.00	44.6623	1.23
452.50	0.00	44.9136	1.23
453.00	0.00	45.1655	1.23
453.50	0.00	45.4180	1.23
454.00	0.00	45.6710	1.23
454.50	0.00	45.9247	1.23
455.00	0.00	46.1789	1.23
455.50	0.00	46.4337	1.23
456.00	0.00	46.6891	1.23
456.50	0.00	46.9451	1.23
457.00	0.00	47.2016	1.23
457.50	0.00	47.4587	1.23
458.00	0.00	47.7163	1.23
458.50	0.00	47.9745	1.23
459.00	0.00	48.2333	1.23
459.50	0.00	48.4926	1.23
460.00	0.00	48.7525	1.23
460.50	0.00	49.0129	1.23
461.00	0.00	49.2739	1.23
461.50	0.00	49.5354	1.23
462.00	0.00	49.7974	1.23
462.50	0.00	50.0600	1.23
463.00	0.00	50.3231	1.23
463.50	0.00	50.5867	1.23
464.00	0.00	50.8509	1.23
464.50	0.00	51.1155	1.23
465.00	0.00	51.3807	1.23
465.50	0.00	51.6464	1.23
466.00	0.00	51.9127	1.23
466.50	0.00	52.1794	1.23
467.00	0.00	52.4466	1.23
467.50	0.00	52.7143	1.23
468.00	0.00	52.9826	1.23
468.50	0.00	53.2513	1.23
469.00	0.00	53.5205	1.23
469.50	0.00	53.7902	1.23
470.00	0.00	54.0604	1.23
470.50	0.00	54.3311	1.23
471.00	0.00	54.6022	1.23
471.50	0.00	54.8738	1.23
472.00	0.00	55.1459	1.23
472.50	0.00	55.4185	1.23
473.00	0.00	55.6915	1.23
473.50	0.00	55.9650	1.23
474.00	0.00	56.2389	1.23
474.50	0.00	56.5133	1.23
475.00	0.00	56.7882	1.23
475.50	0.00	57.0635	1.23
476.00	0.00	57.3392	1.23
476.50	0.00	57.6154	1.23
477.00	0.00	57.8920	1.23
477.50	0.00	58.1690	1.23
478.00	0.00	58.4465	1.23
478.50	0.00	58.7244	1.23
479.00	0.00	59.0027	1.23
479.50	0.00	59.2814	1.23
480.00	0.00	59.5606	1.23
480.50	0.00	59.8401	1.23
481.00	0.00	60.1201	1.23
481.50	0.00	60.4005	1.23
482.00	0.00	60.6812	1.23
482.50	0.00	60.9624	1.23
483.00	0.00	61.2440	1.23
483.50	0.00	61.5259	1.23
484.00	0.00	61.8082	1.23
484.50	0.00	62.0909	1.23
485.00	0.00	62.3740	1.23
485.50	0.00	62.6575	1.23
486.00	0.00	62.9413	1.23
486.50	0.00	63.2255	1.23
487.00	0.00	63.5101	1.23
487.50	0.00	63.7950	1.23
488.00	0.00	64.0803	1.23
488.50	0.00	64.3659	1.23
489.00	0.00	64.6519	1.23
489.50	0.00	64.9382	1.23
490.00	0.00	65.2249	1.23
490.50	0.00	65.5119	1.23
491.00	0.00	65.7992	1.23
491.50	0.00	66.0869	1.23
492.00	0.00	66.3748	1.23
492.50	0.00	66.6631	1.23
493.00	0.00	66.9518	1.23
493.50	0.00	67.2407	1.23
494.00	0.00	67.5299	1.23
494.50	0.00	67.8195	1.23
495.00	0.00	68.1093	1.23
495.50	0.00	68.3995	1.23
496.00	0.00	68.6899	1.23
496.50	0.00	68.9807	1.23
497.00	0.00	69.2717	1.23
497.50	0.00	69.5630	1.23
498.00	0.00	69.8546	1.23
498.50	0.00	70.1464	1.23
499.00	0.00	70.4386	1.23
499.50	0.00	70.7310	1.23
500.00	0.00	71.0236	1.23
500.50	0.00	71.3166	1.23
501.00	0.00	71.6097	1.23
501.50	0.00	71.9032	1.23
502.00	0.00	72.1969	1.23
502.50	0.00	72.4908	1.23
503.00	0.00	72.7849	1.23
503.50	0.00	73.0793	1.23
504.00	0.00	73.3740	1.23
504.50	0.00	73.6688	1.23
505.00	0.00	73.9639	1.23
505.50	0.00	74.2592	1.23
506.00	0.00	74.5548	1.23
506.50	0.00	74.8505	1.23
507.00	0.00	75.1464	1.23
507.50	0.00	75.4426	1.23
508.00	0.00	75.7390	1.23
508.50	0.00	76.0355	1.23
509.00	0.00	76.3323	1.23
509.50	0.00	76.6292	1.23
510.00	0.00	76.9263	1.23
510.50	0.00	77.2236	1.23
511.00	0.00	77.5211	1.23
511.50	0.00	77.8188	1.23
512.00	0.00	78.1166	1.23
512.50	0.00	78.4146	1.23
513.00	0.00	78.7127	1.23
513.50	0.00	79.0110	1.23
514.00	0.00	79.3095	1.23
514.50	0.00	79.6081	1.23
515.00	0.00	79.9069	1.23
515.50	0.00	80.2058	1.23
516.00	0.00	80.5048	1.23
516.50	0.00	80.8040	1.23
517.00	0.00	81.1033	1.23
517.50	0.00	81.4028	1.23
518.00	0.00	81.7023	1.23
518.50	0.00	82.0020	1.23
519.00	0.00	82.3018	1.23
519.50	0.00	82.6017	1.23
520.00	0.00	82.9018	1.23
520.50	0.00	83.2019	1.23
521.00	0.00	83.5021	1.23
521.50	0.00	83.8024	1.23
522.00	0.00	84.1028	1.23
522.50	0.00	84.4033	1.23
523.00	0.00	84.7039	1.23
523.50	0.00	85.0046	1.23
524.00	0.00	85.3053	1.23
524.50	0.00	85.6061	1.23
525.00	0.00	85.9070	1.23
525.50	0.00	86.2080	1.23
526.00	0.00	86.5090	1.23
526.50	0.00	86.8101	1.23
527.00	0.00	87.1112	1.23
527.50	0.00	87.4124	1.23
528.00	0.00	87.7136	1.23
528.50	0.00	88.0148	1.23
529.00	0.00	88.3161	1.23
529.50	0.00	88.6175	1.23
530.00	0.00	88.9189	1.23
530.50	0.00	89.2202	1.23
531.00	0.00	89.5217	1.23
531.50	0.00	89.8231	1.23
532.00	0.00	90.1246	1.23
532.50	0.00	90.4260	1.23
533.00	0.00	90.7275	1.23
533.50	0.00	91.0290	1.23
534.00	0.00	91.3305	1.23
534.50	0.00	91.6319	1.23
535.00	0.00	91.9334	1.23
535.50	0.00	92.2349	1.23
536.00	0.00	92.5363	1.23
536.50	0.00	92.8377	1.23
537.00	0.00	93.1392	1.23
537.50	0.00	93.4405	1.23
538.00	0.00	93.7419	1.23
538.50	0.00	94.0432	1.23
539.00	0.00	94.3445	1.23
539.50	0.00	94.6457	1.23
540.00	0.00	94.9469	1.23
540.50	0.00	95.2481	1.23
541.00	0.00	95.5492	1.23
541.50	0.00	95.8503	1.23
542.00	0.00	96.1512	1.23
542.50	0.00	96.4522	1.23
543.00	0.00	96.7530	1.23
543.50	0.00	97.0538	1.23
544.00	0.00	97.3546	1.23
544.50	0.00	97.6552	1.23
545.00	0.00	97.9558	1.23
545.50	0.00	98.2563	1.23
546.00	0.00	98.5567	1.23
546.50	0.00	98.8570	1.23
547.00	0.00	99.1572	1.23
547.50	0.00	99.4573	1.23
548.00	0.00	99.7573	1.23
548.50	0.00	100.0572	1.23
549.00	0.00	100.3570	1.23
549.50	0.00	100.6567	1.23
550.00	0.00	100.9563	1.23
550.50	0.00	101.2558	1.23
551.00	0.00	101.5551	1.23
551.50	0.00	101.8543	1.23
552.00	0.00	102.1534	1.23
552.50	0.00	102.4524	1.23
553.00	0.00	102.7512	1.23
553.50	0.00	103.0499	1.23
554.00	0.00	103.3484	1.23
554.50	0.00	103.6468	1.23
555.00	0.00	103.9451	1.23
555.50	0.00	104.2432	1.23
556.00	0.00	104.5411	1.23
556.50	0.00	104.8389	1.23
557.00	0.00	105.1365	1.23
557.50	0.00	105.4340	1.23
558.00	0.00	105.7313	1.23
558.50	0.00	106.0284	1.23
559.00	0.00	106.3253	1.23
559.50	0.00	106.6221	1.23
560.00	0.00	106.9187	1.23
560.50	0.00	107.2151	1.23
561.00	0.00	107.5113	1.23
561.50	0.00	107.8073	1.23
562.00	0.00	108.1031	1.23
562.50	0.00	108.3987	1.23
563.00	0.00	108.6942	1.23
563.50	0.00	108.9894	1.23
564.00	0.00	109.2844	1.23
564.50	0.00	109.5792	1.23
565.00	0.00	109.8738	1.23
565.50	0.00	110.1682	1.23
566.00	0.00	110.4624	1.23
566.50	0.00	110.7563	1.23
567.00	0.00	111.0500	1.23
567.50	0.00	111.3435	1.23
568.00	0.00	111.6368	1.23
568.50	0.00	111.9298	1.23
569.00	0.00	112.2226	1.23
569.50	0.00	112.5151	1.23
570.00	0.00	112.8074	1.23
570.50	0.00	113.0995	1.23
571.00	0.00	113.3913	1.23
571.50	0.00	113.6828	1.23
572.00	0.00	113.9741	1.23
572.50	0.00	114.2652	1.23
573.00	0.00	114.5560	1.23
573.50	0.00	114.8465	1.23
574.00	0.00	115.1368	1.23
574.50	0.00	115.4268	1.23
575.00	0.00	115.7165	1.23
575.50	0.00	116.0059	1.23
576.00	0.00	116.2951	1.23
576.50	0.00	116.5840	1.23
577.00	0.00	116.8726	1.23
577.50	0.00	117.1609	1.23
578.00	0.00	117.4490	1.23
578.50	0.00	117.7367	1.23
579.00	0.00	118.0242	1.23
579.50	0.00	118.3113	1.23
580.00	0.00	118.5982	1.23
580.50	0.00	118.8847	1.23
581.00	0.00	119.1710	1.23
581.50	0.00	119.4569	1.23
582.00	0.00	119.7426	1.23
582.50	0.00	120.0279	1.23
583.00	0.00	120.3129	1.23
583.50	0.00	120.5976	1.23
584.00	0.00	120.8820	1.23
584.50	0.00	121.1661	1.23
585.00	0.00	121.4498	1.23
585.50	0.00	121.7332	1.23
586.00	0.00	122.0163	1.23
586.50	0.00	122.2991	1.23
587.00	0.00	122.5815	1.23
587.50	0.00	122.8636	1.23
588.00	0.00	123.1453	1.23
588.50	0.00	123.4268	1.23
589.00	0.00	123.7078	1.23
589.50	0.00	123.9885	1.23
590.00	0.00	124.2689	1.23
590.50	0.00	124.5489	1.23
591.00	0.00	124.8286	1.23
591.50	0.00	125.1079	1.23
592.00	0.00	125.3869	1.23
592.50	0.00	125.6655	1.23
593.00	0.00	125.9438	1.23
593.50	0.00	126.2217	1.23
594.00	0.00	126.4992	1.23
594.50	0.00	126.7763	1.23
595.00	0.00	127.0531	1.23
595.50	0.00	127.3295	1.23
596.00	0.00	127.6056	1.23
596.50	0.00	127.8813	1.23
597.00	0.00	128.1566	1.23
597.50	0.00	128.4315	1.23
598.00	0.00	128.7060	1.23
598.50	0.00	128.9802	1.23
599.00	0.00	129.2539	1.23
599.50	0.00	129.5273	1.23
600.00	0.00	129.8003	1.23
600.50	0.00	130.0729	1.23
601.00	0.00	130.3451	1.23
601.50	0.00	130.6169	1.23
602.00	0.00	130.8883	1.23
602.50	0.00	131.1593	1.23
603.00	0.00	131.4300	1.23
603.50	0.00	131.7002	1.23
604.00	0.00	131.9700	1.23
604.50	0.00	132.2394	1.23
605.00	0.00	132.5084	1.23
605.50	0.00	132.7770	1.23
606.00	0.00	133.0452	1.23
606.50	0.00	133.3129	1.23
607.00	0.00	133.5803	1.23
607.50	0.00	133.8472	1.23
608.00	0.00	134.1138	1.23
608.50	0.00	134.3799	1.23
609.00	0.00	134.6455	1.23
609.50	0.00	134.9108	1.23
610.00	0.00	135.1756	1.23
610.50	0.00	135.4401	1.23
611.00	0.00	135.7041	1.23
611.50	0.00	135.9676	1.23
612.00	0.00	136.2307	1.23
612.50	0.00	136.4934	1.23
613.00	0.00	136.7557	1.23
613.50	0.00	137.0175	1.23
614.00	0.00	137.2789	1.23
614.50	0.00	137.5399	1.23
615.00	0.00	137.8004	1.23
615.50	0.00	138.0605	1.23
616.00	0.00	138.3201	1.23
616.50	0.00	138.5793	1.23
617.00	0.00	138.8381	1.23
617.50	0.00	139.0964	1.23
618.00	0.00	139.3543	1.23
618.50	0.00	139.6117	1.23
619.00	0.00	139.8686	1.23
619.50	0.00	140.1252	1.23
620.00	0.00	140.3812	1.23
620.50	0.00	140.6368	1.23
621.00	0.00	140.8920	1.23
621.50	0.00	141.1467	1.23
622.00	0.00	141.4010	1.23
622.50	0.00	141.6547	1.23
623.00	0.00	141.9081	1.23
623.50	0.00	142.1609	1.23
624.00	0.00	142.4134	1.23
624.50	0.00	142.6653	1.23
625.00	0.00	142.9168	1.23
625.50	0.00	143.1678	1.23
626.00	0.00	143.4184	1.23
626.50	0.00	143.6685	1.23
627.00	0.00	143.9181	1.23
627.50	0.00	144.1673	1.23
628.00	0.00	144.4160	1.23
628.50	0.00	144.6642	1.23
629.00	0.00	144.9119	1.23
629.50	0.00	145.1592	1.23
630.00	0.00	145.4060	1.23
630.50	0.00	145.6524	1.23
631.00	0.00	145.8982	1.23
631.50	0.00	146.1436	1.23
632.00	0.00	146.3885	1.23
632.50	0.00	146.6330	1.23
633.00	0.00	146.8769	1.23
633.50	0.00	147.1204	1.23
634.00	0.00	147.3634	1.23
634.50	0.00	147.6059	1.23
635.00	0.00	147.8480	1.23
635.50	0.00	148.0895	1.23
636.00	0.00	148.3306	1.23
636.50	0.00	148.5712	1.23
637.00	0.00	148.8113	1.23
637.50	0.00	149.0510	1.23
638.00	0.00	149.2901	1.23
638.50	0.00	149.5288	1.23
639.00	0.00	149.7670	1.23
639.50	0.00	150.0046	1.23
640.00	0.00	150.2418	1.23
640.50	0.00	150.4786	1.23
641.00	0.00	150.7148	1.23
641.50	0.00	150.9505	1.23
642.00	0.00	151.1858	1.23
642.50	0.00	151.4206	1.23
643.00	0.00	151.6548	1.23
643.50	0.00	151.8886	1.23
644.00	0.00	152.1219	1.23
644.50	0.00	152.3547	1.23
645.00	0.00	152.5870	1.23
645.50	0.00	152.8188	1.23
646.00	0.00	153.0502	1.23
646.50	0.00	153.2810	1.23
647.00	0.00	153.5113	1.23
647.50	0.00	153.7412	1.23
648.00	0.00	153.9705	1.23
648.50	0.00	154.1994	1.23
649.00	0.00	154.4277	1.23
649.50	0.00	154.6556	1.23
650.00	0.00	154.8830	1.23
650.50	0.00	155.1099	1.23
651.00	0.00	155.3363	1.23
651.50	0.00	155.5621	1.23
652.00	0.00	155.7875	1.23
652.50	0.00	156.0124	1.23
653.00	0.00	156.2368	1.23
653.50	0.00	156.4607	1.23
654.00	0.00	156.6841	1.23
654.50	0.00	156.9070	1.23
655.00	0.00	157.1294	1.23
655.50	0.00	157.3514	1.23
656.00	0.00	157.5728	1.23
656.50	0.00	157.7937	1.23
657.00	0.00	158.0141	1.23
657.50	0.00	158.2340	1.23
658.00	0.00	158.4535	1.23
658.50	0.00	158.6724	1.23
659.00	0.00	158.8908	1.23
659.50	0.00	159.1087	1.23
660.00	0.00	159.3262	1.23
660.50	0.00	159.5431	1.23
661.00	0.00	159.7595	1.23
661.50	0.00	159.9755	1.23
662.00	0.00	160.1909	1.23
662.50	0.00	160.4058	1.23
663.00	0.00	160.6203	1.23
663.50	0.00	160.8342	1.23
664.00	0.00	161.0477	1.23
664.50	0.00	161.2606	1.23
665.00	0.00	161.4730	1.23
665.50	0.00	161.6850	1.23
666.00	0.00	161.8964	1.23
666.50	0.00	162.1074	1.23
667.00	0.00	162.3179	1.23
667.50	0.00	162.5278	1.23
668.00	0.00	162.7373	1.23
668.50	0.00	162.9462	1.23
669.00	0.00	163.1547	1.23
669.50	0.00	163.3627	1.23
670.00	0.00	163.5701	1.23
670.50	0.00	163.7771	1.23
671.00	0.00	163.9836	1.23
671.50	0.00	164.1896	1.23
672.00	0.00	164.3950	1.23
672.50	0.00	164.6000	1.23
673.00	0.00	164.8045	1.23
673.50	0.00	165.0085	1.23
674.00	0.00	165.2120	1.23
674.50	0.00	165.4150	1.23
675.00	0.00	165.6175	1.23
675.50	0.00	165.8196	1.23
676.00	0.00	166.0211	1.23
676.50	0.00	166.2221	1.23
677.00	0.00	166.4226	1.23
677.50	0.00	166.6227	1.23
678.00	0.00	166.8222	1.23
678.50	0.00	167.0213	1.23
679.00	0.00	167.2198	1.23
679.50	0.00	167.4179	1.23
680.00	0.00	167.6155	1.23
680.50	0.00	167.8126	1.23
681.00	0.00	168.0091	1.23
681.50	0.00	168.2052	1.23
682.00	0.00	168.4009	1.23
682.50	0.00	168.5960	1.23
683.00	0.00	168.7906	1.23
683.50	0.00	168.9847	1.23
684.00	0.00	169.1784	1.23
684.50	0.00	169.3715	1.23
685.00	0.00	169.5642	1.23
685.50	0.00	169.7564	1.23
686.00	0.00	169.9481	1.23
686.50	0.00	170.1393	1.23
687.00	0.00	170.3300	1.23
687.50	0.00	170.5203	1.23
688.00	0.00	170.7100	1.23
688.50	0.00	170.8993	1.23
689.00	0.00	171.0880	1.23
689.50	0.00	171.2763	1.23
690.00	0.00	171.4641	1.23
690.50	0.00	171.6515	1.23
691.00	0.00	171.8383	1.23
691.50	0.00	172.0247	1.23
692.00	0.00	172.2105	1.23
692.50	0.00	172.3959	1.23
693.00	0.00	172.5808	1.23
693.50	0.00	172.7653	1.23
694.00	0.00	172.9492	1.23
694.50	0.00	173.1327	1.23
695.00	0.00	173.3157	1.23
695.50	0.00	173.4982	1.23
696.00	0.00	173.6802	1.23
696.50	0.00	173.8617	1.23
697.00	0.00	174.0428	1.23
697.50	0.00	174.2234	1.23
698.00	0.00	174.4035	1.23
698.50	0.00	174.5831	1.23
699.00	0.00	174.7623	1.23
699.50	0.00	174.9410	1.23
700.00	0.00	175.1192	1.23
700.50	0.00	175.2969	1.23
701.00	0.00	175.4742	1.23
701.50	0.00	175.6510	1.23
702.00	0.00	175.8273	1.23
702.50	0.00	176.0031	1.23
703.00	0.00	176.1785	1.23
703.50	0.00	176.3534	1.23
704.00	0.00	176.5278	1.23
704.50	0.00	176.7018	1.23
705.00	0.00	176.8752	1.23
705.50	0.00	177.0482	1.23
706.00	0.00	177.2208	1.23
706.50	0.00	177.3929	1.23
707.00	0.00	177.5645	1.23
707.50	0.00	177.7356	1.23
708.00	0.00	177.9063	1.23
708.50	0.00	178.0765	1.23
709.00	0.00	178.2462	1.23
709.50	0.00	178.4155	1.23
710.00	0.00	178.5843	1.23
710.50	0.00	178.7526	1.23
711.00	0.00	178.9205	1.23
711.50	0.00	179.0879	1.23
712.00	0.00	179.2549	1.23
712.50	0.00	179.4213	1.23
713.00	0.00	179.5874	1.23
713.50	0.00	179.7529	1.23
714.00	0.00	179.9180	1.23
714.50	0.00	180.0827	1.23
715.00	0.00	180.2468	1.23
715.50	0.00	180.4106	1.23
716.00	0.00	180.5738	1.23
716.50	0.00	180.7366	1.23
717.00	0.00	180.8990	1.23
717.50	0.00	181.0608	1.23
718.00	0.00	181.2223	1.23
718.50	0.00	181.3832	1.23
719.00	0.00	181.5437	1.23
719.50	0.00	181.7038	1.23
720.00	0.00	181.8634	1.23
720.50	0.00	182.0225	1.23
721.00	0.00	182.1812	1.23
721.50	0.00	182.3395	1.23
722.00	0.00	182.4972	1.23
722.50	0.00	182.6546	1.23
723.00	0.00	182.8115	1.23
723.50	0.00	182.9679	1.23
724.00	0.00	183.1238	1.23
724.50	0.00	183.2794	1.23
725.00	0.00	183.4344	1.23
725.50	0.00	183.5890	1.23
726.00	0.00	183.7432	1.23
726.50	0.00	183.8969	1.23
727.00	0.00	184.0502	1.23
727.50	0.00	184.2030	1.23
728.00	0.00	184.3554	1.23
728.50	0.00	184.5073	1.23
729.00	0.00	184.6588	1.23
729.50	0.00	184.8098	1.23
730.00	0.00	184.9604	1.23
730.50	0.00	185.1105	1.23
731.00	0.00	185.2602	1.23
731.50	0.00	185.4095	1.23
732.00	0.00	185.5583	1.23
732.50	0.00	185.7066	1.23
733.00	0.00	185.8545	1.23
733.50	0.00	186.0020	1.23
734.00	0.00	186.1490	1.23
734.50	0.00	186.2956	1.23
735.00	0.00	186.4417	1.23
735.50	0.00	186.5874	1.23
736.00	0.00	186.7326	1.23
736.50	0.00	186.8774	1.23
737.00	0.00	187.0218	1.23
737.50	0.00	187.1657	1.23
738.00	0.00	187.3092	1.23
738.50	0.00	187.4522	1.23
739.00	0.00	187.5948	1.23
739.50	0.00	187.7370	1.23
740.00	0.00	187.8787	1.23
740.50	0.00	188.0200	1.23
741.00	0.00	188.1608	1.23
741.50	0.00	188.3012	1.23
742.00	0.00	188.4412	1.23
742.50	0.00	188.5807	1.23
743.00	0.00	188.7197	1.23
743.50	0.00	188.8584	1.23
744.00	0.00	188.9966	1.23
744.50	0.00	189.1344	1.23
745.00	0.00	189.2717	1.23
745.50	0.00	189.4086	1.23
746.00	0.00	189.5450	1.23
746.50	0.00	189.6810	1.23
747.00	0.00	189.8166	1.23
747.50	0.00	189.9518	1.23
748.00	0.00	190.0865	1.23
748.50	0.00	190.2207	1.23
749.00	0.00	190.3546	1.23
749.50	0.00	190.4880	1.23
750.00	0.00	190.6209	1.23
750.50	0.00	190.7534	1.23
751.00	0.00	190.8855	1.23
751.50	0.00	191.0172	1.23
752.00	0.00	191.1484	1.23
752.50	0.00	191.2792	1.23
753.00	0.00	191.4095	1.23
753.50	0.00	191.5394	1.23
754.00	0.00	191.6689	1.23
754.50	0.00	191.7979	1.23
755.00	0.00	191.9265	1.23
755.50	0.00	192.0547	1.23
756.00	0.00	192.1824	1.23
756.50	0.00	192.3097	1.23
757.00	0.00	192.4366	1.23
757.50	0.00	192.5630	1.23
758.00	0.00	192.6890	1.23
758.50	0.00	192.8146	1.23
759.00	0.00	192.9397	1.23
759.50	0.00	193.0644	1.23
760.00	0.00	193.1887	1.23
760.50	0.00	193.3125	1.23
761.00	0.00	193.4359	1.23
761.50	0.00	193.5588	1.23
762.00	0.00	193.6813	1.23
762.50	0.00	193.8034	1.23
763.00	0.00	193.9250	1.23
763.50	0.00	194.0462	1.23
764.00	0.00	194.1670	1.23
764.50	0.00	194.2873	1.23
765.00	0.00	194.4072	1.23
765.50	0.00	194.5267	1.23
766.00	0.00	194.6457	1.23
766.50	0.00	194.7643	1.23
767.00	0.00	194.8825	1.23
767.50	0.00	195.0002	1.23
768.00	0.00	195.1175	1.23
768.50	0.00	195.2343	1.23
769.00	0.00	195.3507	1.23
769.50	0.00	195.4667	1.23
770.00	0.00	195.5822	1.23
770.50	0.00	195.6973	1.23
771.00	0.00	195.8120	1.23
771.50	0.00	195.9262	1.23
772.00	0.00	196.0400	1.23
772.50	0.00	196.1533	1.23
773.00	0.00	196.2662	1.23
773.50	0.00	196.3786	1.23
774.00	0.00	196.4907	1.23
774.50	0.00	196.6022	1.23
775.00	0.00	196.7134	1.23
775.50	0.00	196.8241	1.23
776.00	0.00	196.9343	1.23
776.50	0.00	197.0442	1.23
777.00	0.00	197.1535	1.23
777.50	0.00	197.2625	1.23
778.00	0.00	197.3709	1.23
778.50	0.00	197.4790	1.23
779.00	0.00	197.5866	1.23
779.50	0.00	197.6938	1.23
780.00	0.00	197.8005	1.23
780.50	0.00	197.9067	1.23
781.00	0.00	198.0126	1.23
781.50	0.00	198.1179	1.23
782.00	0.00	198.2229	1.23
782.50	0.00	198.3274	1.23
783.00	0.00	198.4314	1.23
783.50	0.00	198.5350	1.23
784.00	0.00	198.6381	1.23
784.50	0.00	198.7408	1.23
785.00	0.00	198.8431	1.23
785.50	0.00	198.9449	1.23
786.00	0.00	199.0462	1.23
786.50	0.00	199.1471	1.23
787.00	0.00	199.2475	1.23
787.50	0.00	199.3475	1.23
788.00	0.00	199.4471	1.23
788.50	0.00	199.5462	1.23
789.00	0.00	199.6448	1.23
789.50	0.00	199.7430	1.23
790.00	0.00	199.8407	1.23
790.50	0.00	199.9380	1.23
791.00	0.00	200.0348	1.23
791.50	0.00	200.1312	1.23
792.00	0.00	200.2271	1.23
792.50	0.00	200.3225	1.23
793.00	0.00	200.4175	1.23
793.50	0.00	200.5120	1.23
794.00	0.00	200.6061	1.23
794.50	0.00	200.6997	1.23
795.00	0.00	200.7928	1.23
795.50	0.00	200.8855	1.23
796.00	0.00	200.9777	1.23
796.50	0.00	201.0695	1.23
797.00	0.00	201.1608	1.23
797.50	0.00	201.2516	1.23
798.00	0.00	201.3419	1.23
798.50	0.00	201.4318	1.23
799.00	0.00	201.5213	1.23
799.50	0.00	201.6102	1.23
800.00	0.00	201.6987	1.23
800.50	0.00	201.7867	1.23
801.00	0.00	201.8743	1.23
801.50	0.00	201.9613	1.23
802.00	0.00	202.0479	1.23
802.50	0.00	202.1341	1.23
803.00	0.00	202.2197	1.23
803.50	0.00	202.3049	1.23
804.00	0.00	202.3896	1.23
804.50	0.00	202.4739	1.23
805.00	0.00	202.5576	1.23
805.50	0.00	202.6409	1.23
806.00	0.00	202.7237	1.23
806.50	0.00	202.8060	1.23
807.00	0.00	202.8878	1.23
807.50	0.00	202.9692	1.23
808.00	0.00	203.0500	1.23
808.50	0.00	203.1304	1.23
809.00	0.00	203.2103	1.23
809.50	0.00	203.2897	1.23
810.00	0.00	203.3687	1.23
810.50	0.00	203.4471	1.23
811.00	0.00	203.5251	1.23
811.50	0.00	203.6025	1.23
812.00	0.00	203.6795	1.23
812.50	0.00	203.7560	1.23
813.00	0.00	203.8320	1.23
813.50	0.00	203.9075	1.23
814.00	0.00	203.9824	1.23
814.50	0.00	204.0570	1.23
815.00	0.00	204.1310	1.23
815.50	0.00	204.2045	1.23
816.00	0.00	204.2775	1.23
816.50	0.00	204.3500	1.23
817.00	0.00	204.4220	1.23
817.50	0.00	204.4935	1.23
818.00	0.00	204.5645	1.23
818.50	0.00	204.6350	1.23
819.00	0.00	204.7050	1.23
819.50	0.00	204.7745	1.23
820.00	0.00	204.8435	1.23
820.50	0.00	204.9119	1.23
821.00	0.00	204.9799	1.23
821.50	0.00	205.0474	1.23
822.00	0.00	205.1143	1.23
822.50	0.00	205.1807	1.23
823.00	0.00	205.2466	1.23
823.50	0.00	205.3120	1.23
824.00	0.00	205.3769	1.23
824.50	0.00	205.4413	1.23
825.00	0.00	205.5051	1.23
825.50	0.00	205.5684	1.23
826.00	0.00	205.6312	1.23
826.50	0.00	205.6935	1.23
827.00	0.00	205.7553	1.23
827.50	0.00	205.8165	1.23
828.00	0.00	205.8772	1.23
828.50	0.00	205.9374	1.23
829.00	0.00	205.9971	1.23
829.50	0.00	206.0562	1.23
830.00	0.00	206.1148	1.23
830.50	0.00	206.1729	1.23
831.00	0.00	206.2304	1.23
831.50	0.00	206.2874	1.23
832.00	0.00	206.3438	1.23
832.50	0.00	206.3998	1.23
833.00	0.00	206.4552	1.23
833.50	0.00	206.5100	1.23
834.00	0.00	206.5643	1.23
834.50	0.00	206.6181	1.23
835.00	0.00	206.6713	1.23
835.50	0.00	206.7240	1.23
836.00	0.00	206.7761	1.23
836.50	0.00	206.8277	1.23
837.00	0.00	206.8788	1.23
837.50	0.00	206.9293	1.23
838.00	0.00	206.9792	1.23
838.50	0.00	207.0286	1.23
839.00	0.00	207.0775	1.23
839.50	0.00	207.1258	1.23
840.00	0.00	207.1735	1.23
840.50	0.00	207.2207	1.23
841.00	0.00	207.2673	1.23
841.50	0.00	207.3134	1.23
842.00	0.00	207.3589	1.23
842.50	0.00	207.4038	1.23
843.00	0.00	207.4482	1.23
843.50	0.00	207.4920	1.23
844.00	0.00	207.5353	1.23
844.50	0.00	207.5780	1.23
845.00	0.00	207.6201	1.23
845.50	0.00	207.6617	1.23
846.00	0.00	207.7027	1.23
846.50	0.00	207.7431	1.23
847.00	0.00	207.7830	1.23
847.50	0.00	207.8222	1.23
848.00	0.00	207.8609	1.23
848.50	0.00	207.8991	1.23
849.00	0.00	207.9366	1.23
849.50	0.00	207.9736	1.23
850.00	0.00	208.0100	1.23
850.50	0.00	208.0458	1.23
851.00	0.00	208.0811	1.23
851.50	0.00	208.1157	1.23
852.00	0.00	208.1498	1.23
852.50	0.00	208.1833	1.23
853.00	0.00	208.2162	1.23
853.50	0.00	208.2485	1.23
854.00	0.00	208.2802	1.23
854.50	0.00	208.3114	1.23
855.00	0.00	208.3419	1.23
855.50	0.00	208.3719	1.23
856.00	0.00	208.4013	1.23
856.50	0.00	208.4300	1.23
857.00	0.00	208.4582	1.23
857.50	0.00	208.4858	1.23
858.00	0.00	208.5128	1.23
858.50	0.00	208.5392	1.23
859.00	0.00	208.5650	1.23
859.50	0.00	208.5902	1.23
860.00	0.00	208.6148	1.23
860.50	0.00	208.6387	1.23
861.00	0.00	208.6621	1.23
861.50	0.00	208.6849	1.23
862.00	0.00	208.7071	1.23
862.50	0.00	208.7287	1.23
863.00	0.00	208.7496	1.23
863.50	0.00	208.7700	1.23
864.00	0.00	208.7897	1.23
864.50	0.00	208.8089	1.23
865.00	0.00	208.8274	1.23
865.50	0.00	208.8453	1.23
866.00	0.00	208.8626	1.23
866.50	0.00	208.8793	1.23
867.00	0.00	208.8954	1.23
867.50	0.00	208.9109	1.23
868.00	0.00	208.9257	1.23
868.50	0.00	208.9399	1.23
869.00	0.00	208.9535	1.23
869.50	0.00	208.9665	1.23
870.00	0.00	208.9789	1.23
870.50	0.00	208.9906	1.23
871.00	0.00	209.0017	1.23
871.50	0.00	209.0122	1.23
872.00	0.00	209.0221	1.23
872.50	0.00	209.0314	1.23
873.00	0.00	209.0400	1.23
873.50	0.00	209.0480	1.23
874.00	0.00	209.0554	1.23
874.50	0.00	209.0621	1.23
875.00	0.00	209.0683	1.23
875.50	0.00	209.0737	1.23
876.00	0.00	209.0786	1.23
876.50	0.00	209.0828	1.23
877.00	0.00	209.0864	1.23
877.50	0.00	209.0894	1.23
878.00	0.00	209.0917	1.23
878.50	0.00	209.0934	1.23
879.00	0.00	209.0945	1.23
879.50	0.00	209.0950	1.23
880.00	0.00	209.0948	1.23
880.50	0.00	209.0939	1.23
881.00	0.00	209.0925	1.23
881.50	0.00	209.0904	1.23
882.00	0.00	209.0876	1.23
882.50	0.00	209.0842	1.23
883.00	0.00	209.0802	1.23
883.50	0.00	209.0756	1.23
884.00	0.00	209.0703	1.23
884.50	0.00	209.0643	1.23
885.00	0.00	209.0578	1.23
885.50	0.00	209.0506	1.23
886.00	0.00	209.0427	1.23
886.50	0.00	209.0342	1.23
887.00	0.00	209.0251	1.23
887.50	0.00	209.0153	1.23
888.00	0.00	209.0049	1.23
888.50	0.00	208.9939	1.23
889.00	0.00	208.9822	1.23
889.50	0.00	208.9698	1.23
890.00	0.00	208.9569	1.23
890.50	0.00	208.9433	1.23
891.00	0.00	208.9290	1.23
891.50	0.00	208.9141	1.23
892.00	0.00	208.8985	1.23
892.50	0.00	208.8824	1.23
893.00	0.00	208.8655	1.23
893.50	0.00	208.8481	1.23
894.00	0.00	208.8300	1.23
894.50	0.00	208.8112	1.23
895.00	0.00	208.7918	1.23
895.50	0.00	208.7718	1.23
896.00	0.00	208.7511	1.23
896.50	0.00	208.7298	1.23
897.00	0.00	208.7078	1.23
897.50	0.00	208.6852	1.23
898.00	0.00	208.6620	1.23
898.50	0.00	208.6381	1.23
899.00	0.00	208.6135	1.23
899.50	0.00	208.5884	1.23
900.00	0.00	208.5626	1.23
[END_OF_LAMPDATA]

[PANELDATA]
350.00	0.00	0.9890	1.20
360.00	0.00	0.9890	1.20
370.00	0.00	0.9890	1.20
380.00	0.00	0.9880	1.20
390.00	0.00	0.9870	1.20
400.00	0.00	0.9880	0.50
410.00	0.00	0.9870	0.50
420.00	0.00	0.9900	0.50
430.00	0.00	0.9880	0.50
440.00	0.00	0.9890	0.50
450.00	0.00	0.9890	0.50
460.00	0.00	0.9900	0.50
470.00	0.00	0.9890	0.50
480.00	0.00	0.9890	0.50
490.00	0.00	0.9890	0.50
500.00	0.00	0.9880	0.50
510.00	0.00	0.9880	0.50
520.00	0.00	0.9880	0.50
530.00	0.00	0.9870	0.50
540.00	0.00	0.9870	0.50
550.00	0.00	0.9870	0.30
560.00	0.00	0.9860	0.30
570.00	0.00	0.9860	0.30
580.00	0.00	0.9850	0.30
590.00	0.00	0.9850	0.30
600.00	0.00	0.9850	0.30
610.00	0.00	0.9840	0.30
620.00	0.00	0.9840	0.30
630.00	0.00	0.9840	0.30
640.00	0.00	0.9830	0.30
650.00	0.00	0.9830	0.30
660.00	0.00	0.9830	0.30
670.00	0.00	0.9820	0.30
680.00	0.00	0.9820	0.30
690.00	0.00	0.9810	0.30
700.00	0.00	0.9820	0.30
710.00	0.00	0.9810	0.30
720.00	0.00	0.9800	0.30
730.00	0.00	0.9800	0.30
740.00	0.00	0.9800	0.30
750.00	0.00	0.9790	0.30
760.00	0.00	0.9790	0.30
770.00	0.00	0.9790	0.30
780.00	0.00	0.9770	0.30
790.00	0.00	0.9780	0.30
800.00	0.00	0.9770	0.30
810.00	0.00	0.9760	0.30
820.00	0.00	0.9750	0.30
830.00	0.00	0.9750	0.30
840.00	0.00	0.9760	0.30
850.00	0.00	0.9750	0.30
860.00	0.00	0.9740	0.30
870.00	0.00	0.9740	0.30
880.00	0.00	0.9750	0.30
890.00	0.00	0.9740	0.30
900.00	0.00	0.9740	0.30
910.00	0.00	0.9730	0.30
920.00	0.00	0.9730	0.30
930.00	0.00	0.9730	0.30
940.00	0.00	0.9720	0.30
950.00	0.00	0.9720	0.30
960.00	0.00	0.9720	0.30
970.00	0.00	0.9720	0.30
980.00	0.00	0.9710	0.30
990.00	0.00	0.9710	0.30
1000.00	0.00	0.9710	0.30
1010.00	0.00	0.9710	0.30
1020.00	0.00	0.9700	0.30
1030.00	0.00	0.9700	0.30
1040.00	0.00	0.9700	0.30
1050.00	0.00	0.9700	0.30
1060.00	0.00	0.9700	0.30
1070.00	0.00	0.9700	0.30
1080.00	0.00	0.9690	0.30
1090.00	0.00	0.9700	0.30
1100.00	0.00	0.9720	0.30
1110.00	0.00	0.9710	0.30
1120.00	0.00	0.9710	0.30
1130.00	0.00	0.9710	0.30
1140.00	0.00	0.9700	0.30
1150.00	0.00	0.9700	0.30
1160.00	0.00	0.9690	0.30
1170.00	0.00	0.9680	0.30
1180.00	0.00	0.9690	0.30
1190.00	0.00	0.9690	0.30
1200.00	0.00	0.9690	0.30
1210.00	0.00	0.9690	0.30
1220.00	0.00	0.9690	0.30
1230.00	0.00	0.9690	0.30
1240.00	0.00	0.9690	0.30
1250.00	0.00	0.9690	0.30
1260.00	0.00	0.9690	0.30
1270.00	0.00	0.9680	0.30
1280.00	0.00	0.9680	0.30
1290.00	0.00	0.9680	0.30
1300.00	0.00	0.9670	0.30
1310.00	0.00	0.9670	0.30
1320.00	0.00	0.9670	0.30
1330.00	0.00	0.9670	0.30
1340.00	0.00	0.9670	0.30
1350.00	0.00	0.9660	0.30
1360.00	0.00	0.9650	0.30
1370.00	0.00	0.9640	0.30
1380.00	0.00	0.9640	0.30
1390.00	0.00	0.9630	0.30
1400.00	0.00	0.9630	0.30
1410.00	0.00	0.9630	0.30
1420.00	0.00	0.9630	0.30
1430.00	0.00	0.9630	0.30
1440.00	0.00	0.9630	0.30
1450.00	0.00	0.9630	0.30
1460.00	0.00	0.9630	0.30
1470.00	0.00	0.9630	0.30
1480.00	0.00	0.9630	0.30
1490.00	0.00	0.9630	0.30
1500.00	0.00	0.9630	0.30
1510.00	0.00	0.9630	0.30
1520.00	0.00	0.9630	0.30
1530.00	0.00	0.9620	0.30
1540.00	0.00	0.9620	0.30
1550.00	0.00	0.9620	0.30
1560.00	0.00	0.9620	0.30
1570.00	0.00	0.9610	0.30
1580.00	0.00	0.9610	0.30
1590.00	0.00	0.9620	0.30
1600.00	0.00	0.9610	0.30
1610.00	0.00	0.9600	0.30
1620.00	0.00	0.9600	0.30
1630.00	0.00	0.9590	0.30
1640.00	0.00	0.9580	0.30
1650.00	0.00	0.9550	0.50
1660.00	0.00	0.9540	0.50
1670.00	0.00	0.9530	0.50
1680.00	0.00	0.9480	0.50
1690.00	0.00	0.9460	0.50
1700.00	0.00	0.9520	0.50
[END_OF_PANELDATA]

[AMBIENT_TEMP]
21.0

[DEVICE_TEMP]
22.25

# pixel no, wavelength (nm), irradiane responsivity, uncertainty (% k=1), dark1, dark2, raw1, stdev1, raw2, stdev2
# type(s): uint8, single, single, single, single, single, single, single, single, single
[CALDATA]
0	0.00	1024.000	0	0.000	0.000	1024.000	0	512.000	0
1	307.69	5.784E-004	13.38	612.200	0.000	147.23	3.11	146.53	4.53
2	311.02	4.393E-004	6.69	596.400	0.000	187.43	2.39	200.53	3.10
3	314.34	4.403E-004	7.41	580.100	0.000	264.93	2.52	250.67	3.95
4	317.66	3.120E-004	6.41	580.700	0.000	339.83	1.90	354.33	5.42
5	320.99	3.102E-004	5.41	581.700	0.000	412.93	2.92	411.07	4.78
6	324.31	2.803E-004	5.43	579.100	0.000	484.97	3.04	491.53	5.91
7	327.63	2.685E-004	4.80	588.400	0.000	535.73	3.40	553.07	5.74
8	330.96	2.614E-004	3.91	576.900	0.000	602.77	2.23	621.93	4.91
9	334.29	2.675E-004	4.57	579.300	0.000	660.73	2.24	672.33	6.62
10	337.61	2.758E-004	3.69	574.200	0.000	740.43	2.57	731.40	5.00
11	340.94	2.549E-004	3.20	577.500	0.000	819.83	2.63	834.73	4.46
12	344.27	2.546E-004	3.42	576.600	0.000	927.23	3.24	924.80	5.54
13	347.60	2.373E-004	2.88	578.500	0.000	1053.00	2.68	1061.80	4.33
14	350.93	2.236E-004	3.28	581.700	0.000	1207.60	2.62	1217.33	6.95
15	354.26	2.072E-004	2.80	578.600	0.000	1402.97	2.04	1415.33	5.42
16	357.59	1.954E-004	2.79	579.100	0.000	1628.77	2.83	1628.67	6.05
17	360.92	1.833E-004	2.53	578.100	0.000	1888.00	2.43	1876.00	4.37
18	364.25	1.679E-004	2.46	580.500	0.000	2160.70	2.36	2170.67	3.98
19	367.58	1.616E-004	2.47	574.500	0.000	2435.60	2.05	2430.00	4.76
20	370.91	1.536E-004	2.48	582.700	0.000	2676.17	3.10	2700.67	5.54
21	374.24	1.548E-004	2.45	576.200	0.000	2875.40	2.37	2879.40	5.15
22	377.58	1.554E-004	2.45	575.300	0.000	3028.50	2.92	3043.00	5.54
23	380.91	1.600E-004	2.41	579.700	0.000	3142.17	2.14	3149.93	4.93
24	384.24	1.660E-004	2.36	572.500	0.000	3264.87	2.43	3247.67	3.94
25	387.58	1.688E-004	2.33	574.400	0.000	3370.10	2.26	3369.07	3.81
26	390.91	1.720E-004	2.28	573.100	0.000	3499.77	1.90	3499.27	3.83
27	394.25	1.726E-004	2.17	578.800	0.000	3650.90	1.86	3669.47	4.97
28	397.58	1.744E-004	2.07	575.500	0.000	3859.20	3.09	3857.47	5.24
29	400.92	1.723E-004	1.98	577.800	0.000	4090.23	2.08	4104.07	4.95
30	404.25	1.711E-004	1.95	575.800	0.000	4365.73	2.99	4366.13	4.79
31	407.59	1.679E-004	1.92	572.700	0.000	4704.43	2.31	4692.87	4.76
32	410.93	1.612E-004	1.89	570.700	0.000	5107.07	2.38	5116.60	4.88
33	414.27	1.556E-004	1.86	572.600	0.000	5569.77	2.47	5575.60	4.89
34	417.60	1.485E-004	1.85	583.200	0.000	6113.00	2.88	6125.47	5.76
35	420.94	1.410E-004	1.80	575.200	0.000	6757.53	2.72	6767.07	3.85
36	424.28	1.333E-004	1.79	575.100	0.000	7475.10	3.30	7485.07	5.09
37	427.62	1.263E-004	1.76	578.700	0.000	8251.20	2.71	8257.87	4.90
38	430.96	1.196E-004	1.74	576.900	0.000	9096.87	2.32	9104.67	5.83
39	434.30	1.137E-004	1.72	579.200	0.000	9982.03	2.59	9995.33	6.57
40	437.64	1.088E-004	1.69	572.700	0.000	10885.53	2.12	10896.80	5.93
41	440.98	1.048E-004	1.68	579.400	0.000	11775.63	2.51	11787.40	5.63
42	444.32	1.018E-004	1.68	577.000	0.000	12608.30	3.10	12623.73	6.53
43	447.66	1.000E-004	1.67	577.900	0.000	13352.83	2.60	13364.67	6.07
44	451.00	9.954E-005	1.67	579.000	0.000	13955.97	2.10	13962.33	5.11
45	454.34	1.001E-004	1.67	571.500	0.000	14402.10	2.46	14413.93	5.10
46	457.68	1.015E-004	1.67	571.800	0.000	14713.97	2.51	14733.33	6.02
47	461.02	1.036E-004	1.67	574.300	0.000	14945.40	1.90	14965.47	5.82
48	464.36	1.064E-004	1.67	575.500	0.000	15078.13	2.92	15094.40	6.28
49	467.70	1.094E-004	1.67	574.900	0.000	15161.50	2.07	15183.40	5.15
50	471.04	1.123E-004	1.67	578.400	0.000	15278.07	2.33	15293.47	4.62
51	474.38	1.152E-004	1.67	579.300	0.000	15390.53	2.97	15408.47	5.53
52	477.73	1.176E-004	1.66	576.200	0.000	15577.00	2.30	15591.87	3.64
53	481.07	1.195E-004	1.67	578.800	0.000	15796.30	2.65	15821.87	5.05
54	484.41	1.214E-004	1.67	577.200	0.000	16018.07	2.88	16051.80	4.50
55	487.75	1.241E-004	1.67	584.100	0.000	16186.87	2.70	16203.53	4.85
56	491.10	1.268E-004	1.67	582.800	0.000	16287.43	2.58	16318.20	5.12
57	494.44	1.296E-004	1.66	580.700	0.000	16381.90	2.13	16418.60	4.86
58	497.78	1.320E-004	1.67	578.400	0.000	16559.90	2.12	16587.47	5.68
59	501.12	1.332E-004	1.66	583.200	0.000	16830.63	2.47	16874.93	3.66
60	504.47	1.344E-004	1.67	576.200	0.000	17172.07	2.67	17204.93	6.25
61	507.81	1.341E-004	1.66	579.100	0.000	17655.33	1.75	17697.87	4.84
62	511.15	1.338E-004	1.66	580.100	0.000	18190.87	2.37	18214.13	5.27
63	514.49	1.323E-004	1.66	581.700	0.000	18817.73	2.60	18871.53	5.04
64	517.84	1.307E-004	1.66	576.900	0.000	19552.23	2.62	19597.93	4.59
65	521.18	1.283E-004	1.66	583.400	0.000	20357.33	2.63	20421.73	6.77
66	524.52	1.257E-004	1.66	581.500	0.000	21264.50	2.58	21335.33	5.87
67	527.87	1.228E-004	1.66	578.400	0.000	22325.67	3.09	22373.07	6.31
68	531.21	1.193E-004	1.66	579.600	0.000	23441.33	3.06	23525.67	4.79
69	534.55	1.165E-004	1.66	579.100	0.000	24580.93	2.95	24648.20	5.96
70	537.90	1.139E-004	1.66	579.700	0.000	25642.37	2.32	25736.47	5.03
71	541.24	1.122E-004	1.65	578.200	0.000	26605.83	2.64	26705.60	5.71
72	544.58	1.109E-004	1.63	585.600	0.000	27452.17	2.61	27563.07	3.65
73	547.92	1.100E-004	1.62	580.000	0.000	28228.23	3.20	28348.87	5.38
74	551.27	1.095E-004	1.61	583.500	0.000	28942.00	2.91	29060.53	3.73
75	554.61	1.090E-004	1.61	578.600	0.000	29605.67	2.66	29745.87	5.08
76	557.95	1.091E-004	1.61	580.700	0.000	30165.53	1.76	30290.27	4.43
77	561.29	1.089E-004	1.61	579.600	0.000	30721.47	2.18	30884.13	5.43
78	564.64	1.093E-004	1.61	583.400	0.000	31178.10	2.16	31332.93	5.30
79	567.98	1.099E-004	1.61	585.000	0.000	31569.50	2.80	31727.00	5.74
80	571.32	1.105E-004	1.61	582.700	0.000	31932.47	3.09	32101.13	3.89
81	574.66	1.114E-004	1.61	576.600	0.000	32196.23	2.55	32368.13	4.51
82	578.00	1.126E-004	1.61	584.900	0.000	32323.03	2.40	32510.80	5.17
83	581.35	1.146E-004	1.61	575.500	0.000	32322.97	3.30	32487.53	5.33
84	584.69	1.168E-004	1.61	578.700	0.000	32205.77	2.75	32384.60	4.00
85	588.03	1.193E-004	1.61	579.300	0.000	32018.63	2.06	32193.87	4.41
86	591.37	1.222E-004	1.61	581.800	0.000	31736.20	2.48	31912.93	5.27
87	594.71	1.245E-004	1.61	577.300	0.000	31584.27	3.25	31764.67	4.82
88	598.05	1.273E-004	1.61	575.200	0.000	31350.70	2.35	31528.33	5.94
89	601.39	1.312E-004	1.61	577.700	0.000	30843.83	2.61	31014.20	5.49
90	604.73	1.371E-004	1.61	568.800	0.000	29923.87	2.34	30088.87	6.36
91	608.07	1.459E-004	1.61	576.300	0.000	28497.20	2.53	28651.13	5.31
92	611.41	1.577E-004	1.61	570.900	0.000	26754.03	2.68	26870.80	5.12
93	614.75	1.650E-004	1.61	570.700	0.000	25874.90	3.18	26002.33	5.08
94	618.09	1.651E-004	1.61	576.000	0.000	26180.53	1.89	26311.67	4.39
95	621.43	1.622E-004	1.61	579.600	0.000	26979.50	2.77	27118.33	5.43
96	624.77	1.474E-004	1.61	579.400	0.000	30001.57	3.22	30175.47	4.90
97	628.10	1.325E-004	1.61	578.300	0.000	33693.23	3.23	33921.80	4.93
98	631.44	1.267E-004	1.61	575.200	0.000	35613.83	2.53	35861.00	6.11
99	634.78	1.328E-004	1.61	577.500	0.000	34337.53	2.47	34577.93	5.47
100	638.12	1.417E-004	1.61	580.200	0.000	32543.10	3.88	32764.00	4.23
101	641.45	1.489E-004	1.60	577.300	0.000	31322.97	2.82	31517.40	3.53
102	644.79	1.561E-004	1.61	579.800	0.000	30189.73	2.24	30379.53	4.50
103	648.13	1.626E-004	1.61	583.600	0.000	29296.53	2.35	29473.07	4.45
104	651.46	1.683E-004	1.61	582.700	0.000	28562.63	2.60	28744.73	5.56
105	654.80	1.734E-004	1.61	573.400	0.000	28034.33	2.61	28188.27	5.97
106	658.13	1.776E-004	1.60	580.800	0.000	27591.67	3.07	27761.47	3.95
107	661.47	1.813E-004	1.60	579.000	0.000	27295.17	2.98	27446.67	3.41
108	664.80	1.846E-004	1.61	575.500	0.000	27046.10	2.43	27194.07	5.01
109	668.13	1.872E-004	1.61	582.300	0.000	26854.43	2.12	27020.60	5.23
110	671.47	1.899E-004	1.61	579.800	0.000	26742.20	2.94	26882.87	5.21
111	674.80	1.924E-004	1.60	574.700	0.000	26587.57	2.95	26742.40	4.86
112	678.13	1.955E-004	1.61	580.700	0.000	26395.53	2.73	26538.27	5.79
113	681.46	1.979E-004	1.60	579.800	0.000	26249.07	2.77	26405.67	3.85
114	684.79	2.011E-004	1.60	576.000	0.000	26043.53	2.54	26184.87	4.78
115	688.12	2.040E-004	1.61	581.700	0.000	25826.63	2.37	25986.93	5.70
116	691.46	2.064E-004	1.60	578.400	0.000	25727.50	2.52	25876.07	3.42
117	694.79	2.093E-004	1.61	577.700	0.000	25604.10	2.95	25733.87	6.55
118	698.11	2.115E-004	1.60	575.400	0.000	25455.40	3.05	25616.73	4.72
119	701.44	2.141E-004	1.60	580.700	0.000	25363.83	2.89	25501.53	5.70
120	704.77	2.152E-004	1.61	576.000	0.000	25350.07	2.35	25507.80	6.35
121	708.10	2.164E-004	1.60	575.800	0.000	25390.70	2.44	25534.80	4.02
122	711.43	2.167E-004	1.60	583.200	0.000	25486.73	3.70	25641.47	5.39
123	714.75	2.168E-004	1.60	573.800	0.000	25672.97	1.95	25805.40	4.97
124	718.08	2.160E-004	1.60	583.900	0.000	25874.00	3.50	26024.40	4.37
125	721.40	2.156E-004	1.60	577.200	0.000	26067.27	1.90	26220.53	5.02
126	724.73	2.155E-004	1.61	579.300	0.000	26247.07	2.98	26396.00	7.01
127	728.05	2.153E-004	1.60	582.000	0.000	26369.77	2.22	26542.60	4.61
128	731.38	2.149E-004	1.60	577.500	0.000	26566.30	2.55	26738.47	2.96
129	734.70	2.151E-004	1.60	573.900	0.000	26689.30	2.72	26858.27	5.18
130	738.02	2.160E-004	1.60	580.200	0.000	26721.73	2.34	26887.13	4.14
131	741.34	2.170E-004	1.60	578.800	0.000	26732.70	3.10	26898.07	5.60
132	744.66	2.184E-004	1.60	580.000	0.000	26672.73	2.56	26838.13	5.12
133	747.98	2.198E-004	1.60	579.700	0.000	26617.17	2.24	26787.53	5.94
134	751.30	2.214E-004	1.60	582.800	0.000	26537.50	2.59	26708.13	6.26
135	754.62	2.227E-004	1.60	579.300	0.000	26495.60	2.34	26671.07	6.79
136	757.94	2.243E-004	1.60	574.000	0.000	26428.90	2.39	26600.73	5.69
137	761.26	2.265E-004	1.60	585.500	0.000	26292.80	2.48	26457.73	5.13
138	764.57	2.285E-004	1.60	579.000	0.000	26166.80	3.22	26332.80	5.31
139	767.89	2.305E-004	1.60	577.400	0.000	26045.40	2.62	26212.93	6.40
140	771.20	2.331E-004	1.60	575.500	0.000	25840.70	2.68	26011.27	5.38
141	774.52	2.359E-004	1.61	583.500	0.000	25647.53	2.21	25797.60	7.60
142	777.83	2.379E-004	1.60	574.000	0.000	25503.97	2.02	25654.53	4.50
143	781.14	2.412E-004	1.60	573.800	0.000	25225.00	2.33	25380.13	5.36
144	784.46	2.447E-004	1.60	581.300	0.000	24939.93	2.80	25104.07	5.11
145	787.77	2.484E-004	1.60	578.700	0.000	24637.80	4.02	24809.33	4.47
146	791.08	2.545E-004	1.60	579.800	0.000	24184.17	2.71	24325.40	4.55
147	794.39	2.605E-004	1.60	576.400	0.000	23685.57	3.79	23828.33	4.47
148	797.70	2.673E-004	1.61	575.000	0.000	23179.50	3.30	23303.27	7.53
149	801.00	2.744E-004	1.60	574.400	0.000	22614.80	3.27	22745.20	4.20
150	804.31	2.818E-004	1.60	578.300	0.000	22077.90	2.99	22204.67	5.27
151	807.62	2.890E-004	1.60	578.700	0.000	21605.03	2.77	21717.40	5.09
152	810.92	2.957E-004	1.60	572.500	0.000	21112.77	2.76	21244.93	5.37
153	814.23	3.049E-004	1.60	578.000	0.000	20567.37	2.20	20671.93	3.46
154	817.53	3.136E-004	1.60	572.900	0.000	20018.93	3.54	20130.13	5.05
155	820.83	3.243E-004	1.60	577.800	0.000	19464.17	2.43	19539.27	3.30
156	824.14	3.347E-004	1.60	574.900	0.000	18869.63	2.49	18957.87	4.95
157	827.44	3.463E-004	1.61	574.600	0.000	18255.83	2.81	18349.40	6.32
158	830.74	3.603E-004	1.60	575.200	0.000	17605.80	2.39	17684.40	4.99
159	834.03	3.743E-004	1.60	579.700	0.000	16941.83	3.34	17037.47	4.80
160	837.33	3.919E-004	1.60	574.300	0.000	16246.63	2.73	16323.07	4.62
161	840.63	4.095E-004	1.61	578.200	0.000	15565.30	2.83	15642.60	5.26
162	843.93	4.297E-004	1.61	574.700	0.000	14882.30	3.44	14939.80	5.71
163	847.22	4.498E-004	1.61	573.100	0.000	14226.17	2.55	14284.40	5.35
164	850.51	4.702E-004	1.61	575.400	0.000	13631.30	2.56	13681.80	5.75
165	853.81	4.908E-004	1.61	576.200	0.000	13088.90	2.86	13126.87	4.83
166	857.10	5.124E-004	1.61	580.200	0.000	12540.53	2.55	12578.67	4.13
167	860.39	5.333E-004	1.61	574.000	0.000	12062.53	2.81	12096.27	4.04
168	863.68	5.545E-004	1.61	582.200	0.000	11599.70	2.29	11636.67	5.49
169	866.97	5.755E-004	1.60	578.000	0.000	11163.23	3.22	11208.13	2.93
170	870.26	5.954E-004	1.61	581.300	0.000	10782.03	2.14	10832.40	4.93
171	873.54	6.167E-004	1.62	577.400	0.000	10433.63	2.56	10473.53	6.14
172	876.83	6.391E-004	1.62	578.200	0.000	10108.07	2.91	10129.20	6.84
173	880.11	6.594E-004	1.61	579.700	0.000	9789.87	2.80	9815.73	3.87
174	883.40	6.784E-004	1.62	576.300	0.000	9505.27	2.72	9533.27	5.60
175	886.68	7.020E-004	1.61	579.500	0.000	9214.80	2.99	9224.80	4.30
176	889.96	7.230E-004	1.61	574.000	0.000	8920.67	3.83	8940.40	3.84
177	893.24	7.460E-004	1.62	581.600	0.000	8628.37	2.78	8654.00	5.05
178	896.52	7.764E-004	1.62	578.700	0.000	8327.77	2.97	8331.33	5.67
179	899.80	8.038E-004	1.64	576.400	0.000	8016.30	2.32	8030.73	7.13
180	903.08	0.000E+000	1.05	576.900	0.000	7712.27	3.52	7723.00	4.17
181	0.00	0.000E+000	1.02	0.000	0.000	0.00	0.00	0.00	0.00
182	0.00	0.000E+000	1.02	0.000	0.000	0.00	0.00	0.00	0.00
183	0.00	0.000E+000	1.02	0.000	0.000	0.00	0.00	0.00	0.00
184	0.00	0.000E+000	1.02	0.000	0.000	0.00	0.00	0.00	0.00
185	0.00	0.000E+000	1.02	0.000	0.000	0.00	0.00	0.00	0.00
186	0.00	0.000E+000	1.02	0.000	0.000	0.00	0.00	0.00	0.00
187	0.00	0.000E+000	1.02	0.000	0.000	0.00	0.00	0.00	0.00
188	0.00	0.000E+000	1.02	0.000	0.000	0.00	0.00	0.00	0.00
189	0.00	0.000E+000	1.02	0.000	0.000	0.00	0.00	0.00	0.00
190	0.00	0.000E+000	1.02	0.000	0.000	0.00	0.00	0.00	0.00
191	0.00	0.000E+000	1.02	0.000	0.000	0.00	0.00	0.00	0.00
192	0.00	0.000E+000	1.02	0.000	0.000	0.00	0.00	0.00	0.00
193	0.00	0.000E+000	1.02	0.000	0.000	0.00	0.00	0.00	0.00
194	0.00	0.000E+000	1.02	0.000	0.000	0.00	0.00	0.00	0.00
195	0.00	0.000E+000	1.02	0.000	0.000	0.00	0.00	0.00	0.00
196	0.00	0.000E+000	1.02	0.000	0.000	0.00	0.00	0.00	0.00
197	0.00	0.000E+000	1.02	0.000	0.000	0.00	0.00	0.00	0.00
198	0.00	0.000E+000	1.02	0.000	0.000	0.00	0.00	0.00	0.00
199	0.00	0.000E+000	1.02	0.000	0.000	0.00	0.00	0.00	0.00
200	0.00	0.000E+000	1.02	0.000	0.000	0.00	0.00	0.00	0.00
201	0.00	0.000E+000	1.02	0.000	0.000	0.00	0.00	0.00	0.00
202	0.00	0.000E+000	1.02	0.000	0.000	0.00	0.00	0.00	0.00
203	0.00	0.000E+000	1.02	0.000	0.000	0.00	0.00	0.00	0.00
204	0.00	0.000E+000	1.02	0.000	0.000	0.00	0.00	0.00	0.00
205	0.00	0.000E+000	1.02	0.000	0.000	0.00	0.00	0.00	0.00
206	0.00	0.000E+000	1.02	0.000	0.000	0.00	0.00	0.00	0.00
207	0.00	0.000E+000	1.02	0.000	0.000	0.00	0.00	0.00	0.00
208	0.00	0.000E+000	1.02	0.000	0.000	0.00	0.00	0.00	0.00
209	0.00	0.000E+000	1.02	0.000	0.000	0.00	0.00	0.00	0.00
210	0.00	0.000E+000	1.02	0.000	0.000	0.00	0.00	0.00	0.00
211	0.00	0.000E+000	1.02	0.000	0.000	0.00	0.00	0.00	0.00
212	0.00	0.000E+000	1.02	0.000	0.000	0.00	0.00	0.00	0.00
213	0.00	0.000E+000	1.02	0.000	0.000	0.00	0.00	0.00	0.00
214	0.00	0.000E+000	1.02	0.000	0.000	0.00	0.00	0.00	0.00
215	0.00	0.000E+000	1.02	0.000	0.000	0.00	0.00	0.00	0.00
216	0.00	0.000E+000	1.02	0.000	0.000	0.00	0.00	0.00	0.00
217	0.00	0.000E+000	1.02	0.000	0.000	0.00	0.00	0.00	0.00
218	0.00	0.000E+000	1.02	0.000	0.000	0.00	0.00	0.00	0.00
219	0.00	0.000E+000	1.02	0.000	0.000	0.00	0.00	0.00	0.00
220	0.00	0.000E+000	1.02	0.000	0.000	0.00	0.00	0.00	0.00
221	0.00	0.000E+000	1.02	0.000	0.000	0.00	0.00	0.00	0.00
222	0.00	0.000E+000	1.02	0.000	0.000	0.00	0.00	0.00	0.00
223	0.00	0.000E+000	1.02	0.000	0.000	0.00	0.00	0.00	0.00
224	0.00	0.000E+000	1.02	0.000	0.000	0.00	0.00	0.00	0.00
225	0.00	0.000E+000	1.02	0.000	0.000	0.00	0.00	0.00	0.00
226	0.00	0.000E+000	1.02	0.000	0.000	0.00	0.00	0.00	0.00
227	0.00	0.000E+000	1.02	0.000	0.000	0.00	0.00	0.00	0.00
228	0.00	0.000E+000	1.02	0.000	0.000	0.00	0.00	0.00	0.00
229	0.00	0.000E+000	1.02	0.000	0.000	0.00	0.00	0.00	0.00
230	0.00	0.000E+000	1.02	0.000	0.000	0.00	0.00	0.00	0.00
231	0.00	0.000E+000	1.02	0.000	0.000	0.00	0.00	0.00	0.00
232	0.00	0.000E+000	1.02	0.000	0.000	0.00	0.00	0.00	0.00
233	0.00	0.000E+000	1.02	0.000	0.000	0.00	0.00	0.00	0.00
234	0.00	0.000E+000	1.02	0.000	0.000	0.00	0.00	0.00	0.00
235	0.00	0.000E+000	1.02	0.000	0.000	0.00	0.00	0.00	0.00
236	0.00	0.000E+000	1.02	0.000	0.000	0.00	0.00	0.00	0.00
237	0.00	0.000E+000	1.02	0.000	0.000	0.00	0.00	0.00	0.00
238	0.00	0.000E+000	1.02	0.000	0.000	0.00	0.00	0.00	0.00
239	0.00	0.000E+000	1.02	0.000	0.000	0.00	0.00	0.00	0.00
240	0.00	0.000E+000	1.02	0.000	0.000	0.00	0.00	0.00	0.00
241	0.00	0.000E+000	1.02	0.000	0.000	0.00	0.00	0.00	0.00
242	0.00	0.000E+000	1.02	0.000	0.000	0.00	0.00	0.00	0.00
243	0.00	0.000E+000	1.02	0.000	0.000	0.00	0.00	0.00	0.00
244	0.00	0.000E+000	1.02	0.000	0.000	0.00	0.00	0.00	0.00
245	0.00	0.000E+000	1.02	0.000	0.000	0.00	0.00	0.00	0.00
246	0.00	0.000E+000	1.02	0.000	0.000	0.00	0.00	0.00	0.00
247	0.00	0.000E+000	1.02	0.000	0.000	0.00	0.00	0.00	0.00
248	0.00	0.000E+000	1.02	0.000	0.000	0.00	0.00	0.00	0.00
249	0.00	0.000E+000	1.02	0.000	0.000	0.00	0.00	0.00	0.00
250	0.00	0.000E+000	1.02	0.000	0.000	0.00	0.00	0.00	0.00
251	0.00	0.000E+000	1.02	0.000	0.000	0.00	0.00	0.00	0.00
252	0.00	0.000E+000	1.02	0.000	0.000	0.00	0.00	0.00	0.00
253	0.00	0.000E+000	1.02	0.000	0.000	0.00	0.00	0.00	0.00
254	0.00	0.000E+000	1.02	0.000	0.000	0.00	0.00	0.00	0.00
255	0.00	0.000E+000	1.02	0.000	0.000	0.00	0.00	0.00	0.00
[END_OF_CALDATA]
