!FRM4SOC_CP
!RADCAL
# radiometric calibration coefs & linearity, lamp and panel data

# comments start with # (ignored by the processor)
# no empty lines between the parameter signatures in [] and the parameter values
# parameters are case insensitive
# parameters can be inserted in any order, except the first two signatures
# columns are tab- or space-delimited

[VERSION]
0.1

[CALDATE]
2022-03-16 08:30:12

[CALLAB]
Tartu Observatory

[USER]
Riho Vendt

[LAMP_ID]
714

[PANEL_ID]
SG3151_2019

[DEVICE]
SAT2027

[LAMP_CCT]
3119.0

[LAMPDATA]
250.00	0.00	0.2235	6.01
250.50	0.00	0.2299	5.97
251.00	0.00	0.2364	5.93
251.50	0.00	0.2431	5.89
252.00	0.00	0.2499	5.85
252.50	0.00	0.2569	5.81
253.00	0.00	0.2640	5.77
253.50	0.00	0.2714	5.73
254.00	0.00	0.2788	5.69
254.50	0.00	0.2865	5.65
255.00	0.00	0.2943	5.61
255.50	0.00	0.3022	5.57
256.00	0.00	0.3104	5.53
256.50	0.00	0.3187	5.49
257.00	0.00	0.3272	5.45
257.50	0.00	0.3359	5.41
258.00	0.00	0.3448	5.37
258.50	0.00	0.3538	5.33
259.00	0.00	0.3631	5.29
259.50	0.00	0.3725	5.25
260.00	0.00	0.3822	5.21
260.50	0.00	0.3920	5.17
261.00	0.00	0.4020	5.13
261.50	0.00	0.4123	5.09
262.00	0.00	0.4227	5.05
262.50	0.00	0.4334	5.01
263.00	0.00	0.4443	4.97
263.50	0.00	0.4554	4.93
264.00	0.00	0.4667	4.89
264.50	0.00	0.4782	4.85
265.00	0.00	0.4899	4.81
265.50	0.00	0.5019	4.77
266.00	0.00	0.5141	4.73
266.50	0.00	0.5266	4.69
267.00	0.00	0.5393	4.65
267.50	0.00	0.5522	4.61
268.00	0.00	0.5654	4.57
268.50	0.00	0.5788	4.53
269.00	0.00	0.5925	4.49
269.50	0.00	0.6064	4.45
270.00	0.00	0.6206	4.41
270.50	0.00	0.6350	4.37
271.00	0.00	0.6497	4.33
271.50	0.00	0.6647	4.29
272.00	0.00	0.6799	4.25
272.50	0.00	0.6955	4.21
273.00	0.00	0.7112	4.17
273.50	0.00	0.7273	4.13
274.00	0.00	0.7437	4.09
274.50	0.00	0.7603	4.05
275.00	0.00	0.7772	4.01
275.50	0.00	0.7944	3.97
276.00	0.00	0.8119	3.93
276.50	0.00	0.8298	3.89
277.00	0.00	0.8479	3.85
277.50	0.00	0.8663	3.81
278.00	0.00	0.8850	3.77
278.50	0.00	0.9041	3.73
279.00	0.00	0.9234	3.69
279.50	0.00	0.9431	3.65
280.00	0.00	0.9631	3.61
280.50	0.00	0.9835	3.57
281.00	0.00	1.0041	3.53
281.50	0.00	1.0251	3.49
282.00	0.00	1.0464	3.45
282.50	0.00	1.0681	3.41
283.00	0.00	1.0901	3.37
283.50	0.00	1.1125	3.33
284.00	0.00	1.1352	3.29
284.50	0.00	1.1583	3.25
285.00	0.00	1.1817	3.21
285.50	0.00	1.2055	3.17
286.00	0.00	1.2296	3.13
286.50	0.00	1.2541	3.09
287.00	0.00	1.2790	3.05
287.50	0.00	1.3043	3.01
288.00	0.00	1.3299	2.97
288.50	0.00	1.3560	2.93
289.00	0.00	1.3824	2.89
289.50	0.00	1.4092	2.85
290.00	0.00	1.4364	2.81
290.50	0.00	1.4639	2.69
291.00	0.00	1.4919	2.67
291.50	0.00	1.5203	2.65
292.00	0.00	1.5491	2.63
292.50	0.00	1.5783	2.61
293.00	0.00	1.6080	2.59
293.50	0.00	1.6380	2.57
294.00	0.00	1.6685	2.55
294.50	0.00	1.6993	2.53
295.00	0.00	1.7307	2.51
295.50	0.00	1.7624	2.49
296.00	0.00	1.7946	2.47
296.50	0.00	1.8272	2.45
297.00	0.00	1.8603	2.43
297.50	0.00	1.8938	2.41
298.00	0.00	1.9277	2.39
298.50	0.00	1.9621	2.37
299.00	0.00	1.9970	2.35
299.50	0.00	2.0323	2.33
300.00	0.00	2.0681	2.31
300.50	0.00	2.1043	2.29
301.00	0.00	2.1411	2.27
301.50	0.00	2.1782	2.25
302.00	0.00	2.2159	2.23
302.50	0.00	2.2541	2.21
303.00	0.00	2.2927	2.19
303.50	0.00	2.3318	2.17
304.00	0.00	2.3714	2.15
304.50	0.00	2.4115	2.13
305.00	0.00	2.4521	2.11
305.50	0.00	2.4932	2.09
306.00	0.00	2.5348	2.08
306.50	0.00	2.5770	2.06
307.00	0.00	2.6196	2.04
307.50	0.00	2.6627	2.02
308.00	0.00	2.7064	2.00
308.50	0.00	2.7506	1.98
309.00	0.00	2.7953	1.96
309.50	0.00	2.8405	1.94
310.00	0.00	2.8862	1.92
310.50	0.00	2.9325	1.90
311.00	0.00	2.9794	1.88
311.50	0.00	3.0267	1.86
312.00	0.00	3.0747	1.84
312.50	0.00	3.1231	1.82
313.00	0.00	3.1721	1.80
313.50	0.00	3.2217	1.78
314.00	0.00	3.2718	1.76
314.50	0.00	3.3225	1.74
315.00	0.00	3.3738	1.72
315.50	0.00	3.4256	1.72
316.00	0.00	3.4780	1.72
316.50	0.00	3.5309	1.72
317.00	0.00	3.5844	1.72
317.50	0.00	3.6386	1.72
318.00	0.00	3.6933	1.72
318.50	0.00	3.7485	1.72
319.00	0.00	3.8044	1.72
319.50	0.00	3.8609	1.72
320.00	0.00	3.9179	1.72
320.50	0.00	3.9756	1.72
321.00	0.00	4.0338	1.72
321.50	0.00	4.0927	1.72
322.00	0.00	4.1521	1.72
322.50	0.00	4.2122	1.72
323.00	0.00	4.2729	1.72
323.50	0.00	4.3342	1.72
324.00	0.00	4.3961	1.72
324.50	0.00	4.4586	1.72
325.00	0.00	4.5218	1.72
325.50	0.00	4.5856	1.72
326.00	0.00	4.6500	1.72
326.50	0.00	4.7151	1.72
327.00	0.00	4.7808	1.72
327.50	0.00	4.8471	1.72
328.00	0.00	4.9140	1.72
328.50	0.00	4.9817	1.72
329.00	0.00	5.0499	1.72
329.50	0.00	5.1188	1.72
330.00	0.00	5.1884	1.72
330.50	0.00	5.2586	1.72
331.00	0.00	5.3295	1.72
331.50	0.00	5.4010	1.72
332.00	0.00	5.4732	1.72
332.50	0.00	5.5460	1.72
333.00	0.00	5.6195	1.72
333.50	0.00	5.6937	1.72
334.00	0.00	5.7686	1.72
334.50	0.00	5.8441	1.72
335.00	0.00	5.9204	1.72
335.50	0.00	5.9973	1.72
336.00	0.00	6.0748	1.72
336.50	0.00	6.1531	1.72
337.00	0.00	6.2321	1.72
337.50	0.00	6.3117	1.72
338.00	0.00	6.3920	1.72
338.50	0.00	6.4731	1.72
339.00	0.00	6.5548	1.72
339.50	0.00	6.6372	1.72
340.00	0.00	6.7203	1.72
340.50	0.00	6.8042	1.72
341.00	0.00	6.8887	1.72
341.50	0.00	6.9739	1.72
342.00	0.00	7.0599	1.72
342.50	0.00	7.1465	1.72
343.00	0.00	7.2339	1.72
343.50	0.00	7.3220	1.72
344.00	0.00	7.4108	1.72
344.50	0.00	7.5004	1.72
345.00	0.00	7.5906	1.72
345.50	0.00	7.6816	1.72
346.00	0.00	7.7733	1.72
346.50	0.00	7.8657	1.72
347.00	0.00	7.9589	1.72
347.50	0.00	8.0528	1.72
348.00	0.00	8.1474	1.72
348.50	0.00	8.2428	1.72
349.00	0.00	8.3389	1.72
349.50	0.00	8.4357	1.72
350.00	0.00	8.5333	1.72
350.50	0.00	8.6317	1.72
351.00	0.00	8.7307	1.72
351.50	0.00	8.8305	1.72
352.00	0.00	8.9311	1.72
352.50	0.00	9.0324	1.72
353.00	0.00	9.1345	1.72
353.50	0.00	9.2373	1.72
354.00	0.00	9.3409	1.72
354.50	0.00	9.4452	1.72
355.00	0.00	9.5503	1.72
355.50	0.00	9.6562	1.72
356.00	0.00	9.7628	1.72
356.50	0.00	9.8702	1.72
357.00	0.00	9.9783	1.72
357.50	0.00	10.0872	1.72
358.00	0.00	10.1969	1.72
358.50	0.00	10.3074	1.72
359.00	0.00	10.4186	1.72
359.50	0.00	10.5305	1.72
360.00	0.00	10.6433	1.72
360.50	0.00	10.7568	1.72
361.00	0.00	10.8711	1.72
361.50	0.00	10.9862	1.72
362.00	0.00	11.1021	1.72
362.50	0.00	11.2187	1.72
363.00	0.00	11.3361	1.72
363.50	0.00	11.4543	1.72
364.00	0.00	11.5733	1.72
364.50	0.00	11.6930	1.72
365.00	0.00	11.8136	1.72
365.50	0.00	11.9349	1.72
366.00	0.00	12.0570	1.72
366.50	0.00	12.1799	1.72
367.00	0.00	12.3036	1.72
367.50	0.00	12.4281	1.72
368.00	0.00	12.5534	1.72
368.50	0.00	12.6794	1.72
369.00	0.00	12.8063	1.72
369.50	0.00	12.9339	1.72
370.00	0.00	13.0623	1.72
370.50	0.00	13.1915	1.72
371.00	0.00	13.3216	1.72
371.50	0.00	13.4524	1.72
372.00	0.00	13.5840	1.72
372.50	0.00	13.7164	1.72
373.00	0.00	13.8496	1.72
373.50	0.00	13.9836	1.72
374.00	0.00	14.1184	1.72
374.50	0.00	14.2540	1.72
375.00	0.00	14.3904	1.72
375.50	0.00	14.5276	1.72
376.00	0.00	14.6656	1.72
376.50	0.00	14.8044	1.72
377.00	0.00	14.9440	1.72
377.50	0.00	15.0844	1.72
378.00	0.00	15.2256	1.72
378.50	0.00	15.3676	1.72
379.00	0.00	15.5104	1.72
379.50	0.00	15.6540	1.72
380.00	0.00	15.7984	1.72
380.50	0.00	15.9436	1.71
381.00	0.00	16.0897	1.71
381.50	0.00	16.2365	1.71
382.00	0.00	16.3841	1.70
382.50	0.00	16.5325	1.70
383.00	0.00	16.6818	1.69
383.50	0.00	16.8318	1.69
384.00	0.00	16.9827	1.69
384.50	0.00	17.1343	1.68
385.00	0.00	17.2868	1.68
385.50	0.00	17.4400	1.67
386.00	0.00	17.5941	1.67
386.50	0.00	17.7489	1.66
387.00	0.00	17.9046	1.66
387.50	0.00	18.0611	1.66
388.00	0.00	18.2184	1.65
388.50	0.00	18.3765	1.65
389.00	0.00	18.5353	1.64
389.50	0.00	18.6950	1.64
390.00	0.00	18.8555	1.64
390.50	0.00	19.0168	1.63
391.00	0.00	19.1789	1.63
391.50	0.00	19.3418	1.62
392.00	0.00	19.5055	1.62
392.50	0.00	19.6700	1.62
393.00	0.00	19.8354	1.61
393.50	0.00	20.0015	1.61
394.00	0.00	20.1684	1.60
394.50	0.00	20.3361	1.60
395.00	0.00	20.5046	1.59
395.50	0.00	20.6739	1.59
396.00	0.00	20.8440	1.59
396.50	0.00	21.0149	1.58
397.00	0.00	21.1866	1.58
397.50	0.00	21.3591	1.57
398.00	0.00	21.5324	1.57
398.50	0.00	21.7065	1.57
399.00	0.00	21.8814	1.56
399.50	0.00	22.0571	1.56
400.00	0.00	22.2335	1.55
400.50	0.00	22.4108	1.55
401.00	0.00	22.5889	1.55
401.50	0.00	22.7677	1.54
402.00	0.00	22.9474	1.54
402.50	0.00	23.1278	1.53
403.00	0.00	23.3090	1.53
403.50	0.00	23.4910	1.52
404.00	0.00	23.6738	1.52
404.50	0.00	23.8574	1.52
405.00	0.00	24.0418	1.51
405.50	0.00	24.2269	1.51
406.00	0.00	24.4129	1.50
406.50	0.00	24.5996	1.50
407.00	0.00	24.7871	1.50
407.50	0.00	24.9753	1.49
408.00	0.00	25.1644	1.49
408.50	0.00	25.3542	1.48
409.00	0.00	25.5448	1.48
409.50	0.00	25.7362	1.48
410.00	0.00	25.9284	1.47
410.50	0.00	26.1213	1.47
411.00	0.00	26.3150	1.46
411.50	0.00	26.5095	1.46
412.00	0.00	26.7047	1.45
412.50	0.00	26.9007	1.45
413.00	0.00	27.0975	1.45
413.50	0.00	27.2951	1.44
414.00	0.00	27.4934	1.44
414.50	0.00	27.6924	1.43
415.00	0.00	27.8923	1.43
415.50	0.00	28.0929	1.43
416.00	0.00	28.2942	1.42
416.50	0.00	28.4963	1.42
417.00	0.00	28.6992	1.41
417.50	0.00	28.9028	1.41
418.00	0.00	29.1071	1.41
418.50	0.00	29.3123	1.40
419.00	0.00	29.5181	1.40
419.50	0.00	29.7247	1.39
420.00	0.00	29.9321	1.39
420.50	0.00	30.1402	1.39
421.00	0.00	30.3490	1.38
421.50	0.00	30.5586	1.38
422.00	0.00	30.7689	1.37
422.50	0.00	30.9800	1.37
423.00	0.00	31.1918	1.36
423.50	0.00	31.4043	1.36
424.00	0.00	31.6176	1.36
424.50	0.00	31.8316	1.35
425.00	0.00	32.0463	1.35
425.50	0.00	32.2617	1.34
426.00	0.00	32.4779	1.34
426.50	0.00	32.6948	1.34
427.00	0.00	32.9124	1.33
427.50	0.00	33.1307	1.33
428.00	0.00	33.3498	1.32
428.50	0.00	33.5695	1.32
429.00	0.00	33.7900	1.32
429.50	0.00	34.0112	1.31
430.00	0.00	34.2330	1.31
430.50	0.00	34.4556	1.30
431.00	0.00	34.6789	1.30
431.50	0.00	34.9029	1.30
432.00	0.00	35.1276	1.29
432.50	0.00	35.3530	1.29
433.00	0.00	35.5791	1.28
433.50	0.00	35.8059	1.28
434.00	0.00	36.0334	1.27
434.50	0.00	36.2616	1.27
435.00	0.00	36.4904	1.27
435.50	0.00	36.7199	1.26
436.00	0.00	36.9502	1.26
436.50	0.00	37.1811	1.25
437.00	0.00	37.4126	1.25
437.50	0.00	37.6449	1.25
438.00	0.00	37.8778	1.24
438.50	0.00	38.1114	1.24
439.00	0.00	38.3457	1.23
439.50	0.00	38.5806	1.23
440.00	0.00	38.8162	1.23
440.50	0.00	39.0524	1.23
441.00	0.00	39.2893	1.23
441.50	0.00	39.5269	1.23
442.00	0.00	39.7651	1.23
442.50	0.00	40.0039	1.23
443.00	0.00	40.2435	1.23
443.50	0.00	40.4836	1.23
444.00	0.00	40.7244	1.23
444.50	0.00	40.9658	1.23
445.00	0.00	41.2079	1.23
445.50	0.00	41.4506	1.23
446.00	0.00	41.6940	1.23
446.50	0.00	41.9379	1.23
447.00	0.00	42.1825	1.23
447.50	0.00	42.4277	1.23
448.00	0.00	42.6736	1.23
448.50	0.00	42.9200	1.23
449.00	0.00	43.1671	1.23
449.50	0.00	43.4148	1.23
450.00	0.00	43.6631	1.23
450.50	0.00	43.9120	1.23
451.00	0.00	44.1615	1.23
451.50	0.00	44.4116	1.23
452.00	0.00	44.6623	1.23
452.50	0.00	44.9136	1.23
453.00	0.00	45.1655	1.23
453.50	0.00	45.4180	1.23
454.00	0.00	45.6710	1.23
454.50	0.00	45.9247	1.23
455.00	0.00	46.1789	1.23
455.50	0.00	46.4337	1.23
456.00	0.00	46.6891	1.23
456.50	0.00	46.9451	1.23
457.00	0.00	47.2016	1.23
457.50	0.00	47.4587	1.23
458.00	0.00	47.7163	1.23
458.50	0.00	47.9745	1.23
459.00	0.00	48.2333	1.23
459.50	0.00	48.4926	1.23
460.00	0.00	48.7525	1.23
460.50	0.00	49.0129	1.23
461.00	0.00	49.2739	1.23
461.50	0.00	49.5354	1.23
462.00	0.00	49.7974	1.23
462.50	0.00	50.0600	1.23
463.00	0.00	50.3231	1.23
463.50	0.00	50.5867	1.23
464.00	0.00	50.8509	1.23
464.50	0.00	51.1155	1.23
465.00	0.00	51.3807	1.23
465.50	0.00	51.6464	1.23
466.00	0.00	51.9127	1.23
466.50	0.00	52.1794	1.23
467.00	0.00	52.4466	1.23
467.50	0.00	52.7143	1.23
468.00	0.00	52.9826	1.23
468.50	0.00	53.2513	1.23
469.00	0.00	53.5205	1.23
469.50	0.00	53.7902	1.23
470.00	0.00	54.0604	1.23
470.50	0.00	54.3311	1.23
471.00	0.00	54.6022	1.23
471.50	0.00	54.8738	1.23
472.00	0.00	55.1459	1.23
472.50	0.00	55.4185	1.23
473.00	0.00	55.6915	1.23
473.50	0.00	55.9650	1.23
474.00	0.00	56.2389	1.23
474.50	0.00	56.5133	1.23
475.00	0.00	56.7882	1.23
475.50	0.00	57.0635	1.23
476.00	0.00	57.3392	1.23
476.50	0.00	57.6154	1.23
477.00	0.00	57.8920	1.23
477.50	0.00	58.1690	1.23
478.00	0.00	58.4465	1.23
478.50	0.00	58.7244	1.23
479.00	0.00	59.0027	1.23
479.50	0.00	59.2814	1.23
480.00	0.00	59.5606	1.23
480.50	0.00	59.8401	1.23
481.00	0.00	60.1201	1.23
481.50	0.00	60.4005	1.23
482.00	0.00	60.6812	1.23
482.50	0.00	60.9624	1.23
483.00	0.00	61.2440	1.23
483.50	0.00	61.5259	1.23
484.00	0.00	61.8082	1.23
484.50	0.00	62.0909	1.23
485.00	0.00	62.3740	1.23
485.50	0.00	62.6575	1.23
486.00	0.00	62.9413	1.23
486.50	0.00	63.2255	1.23
487.00	0.00	63.5101	1.23
487.50	0.00	63.7950	1.23
488.00	0.00	64.0803	1.23
488.50	0.00	64.3659	1.23
489.00	0.00	64.6519	1.23
489.50	0.00	64.9382	1.23
490.00	0.00	65.2249	1.23
490.50	0.00	65.5119	1.23
491.00	0.00	65.7992	1.23
491.50	0.00	66.0869	1.23
492.00	0.00	66.3748	1.23
492.50	0.00	66.6631	1.23
493.00	0.00	66.9518	1.23
493.50	0.00	67.2407	1.23
494.00	0.00	67.5299	1.23
494.50	0.00	67.8195	1.23
495.00	0.00	68.1093	1.23
495.50	0.00	68.3995	1.23
496.00	0.00	68.6899	1.23
496.50	0.00	68.9807	1.23
497.00	0.00	69.2717	1.23
497.50	0.00	69.5630	1.23
498.00	0.00	69.8546	1.23
498.50	0.00	70.1464	1.23
499.00	0.00	70.4386	1.23
499.50	0.00	70.7310	1.23
500.00	0.00	71.0236	1.23
500.50	0.00	71.3166	1.23
501.00	0.00	71.6097	1.23
501.50	0.00	71.9032	1.23
502.00	0.00	72.1969	1.23
502.50	0.00	72.4908	1.23
503.00	0.00	72.7849	1.23
503.50	0.00	73.0793	1.23
504.00	0.00	73.3740	1.23
504.50	0.00	73.6688	1.23
505.00	0.00	73.9639	1.23
505.50	0.00	74.2592	1.23
506.00	0.00	74.5548	1.23
506.50	0.00	74.8505	1.23
507.00	0.00	75.1464	1.23
507.50	0.00	75.4426	1.23
508.00	0.00	75.7390	1.23
508.50	0.00	76.0355	1.23
509.00	0.00	76.3323	1.23
509.50	0.00	76.6292	1.23
510.00	0.00	76.9263	1.23
510.50	0.00	77.2236	1.23
511.00	0.00	77.5211	1.23
511.50	0.00	77.8188	1.23
512.00	0.00	78.1166	1.23
512.50	0.00	78.4146	1.23
513.00	0.00	78.7127	1.23
513.50	0.00	79.0110	1.23
514.00	0.00	79.3095	1.23
514.50	0.00	79.6081	1.23
515.00	0.00	79.9069	1.23
515.50	0.00	80.2058	1.23
516.00	0.00	80.5048	1.23
516.50	0.00	80.8040	1.23
517.00	0.00	81.1033	1.23
517.50	0.00	81.4028	1.23
518.00	0.00	81.7023	1.23
518.50	0.00	82.0020	1.23
519.00	0.00	82.3018	1.23
519.50	0.00	82.6017	1.23
520.00	0.00	82.9018	1.23
520.50	0.00	83.2019	1.23
521.00	0.00	83.5021	1.23
521.50	0.00	83.8024	1.23
522.00	0.00	84.1028	1.23
522.50	0.00	84.4033	1.23
523.00	0.00	84.7039	1.23
523.50	0.00	85.0046	1.23
524.00	0.00	85.3053	1.23
524.50	0.00	85.6061	1.23
525.00	0.00	85.9070	1.23
525.50	0.00	86.2080	1.23
526.00	0.00	86.5090	1.23
526.50	0.00	86.8101	1.23
527.00	0.00	87.1112	1.23
527.50	0.00	87.4124	1.23
528.00	0.00	87.7136	1.23
528.50	0.00	88.0148	1.23
529.00	0.00	88.3161	1.23
529.50	0.00	88.6175	1.23
530.00	0.00	88.9189	1.23
530.50	0.00	89.2202	1.23
531.00	0.00	89.5217	1.23
531.50	0.00	89.8231	1.23
532.00	0.00	90.1246	1.23
532.50	0.00	90.4260	1.23
533.00	0.00	90.7275	1.23
533.50	0.00	91.0290	1.23
534.00	0.00	91.3305	1.23
534.50	0.00	91.6319	1.23
535.00	0.00	91.9334	1.23
535.50	0.00	92.2349	1.23
536.00	0.00	92.5363	1.23
536.50	0.00	92.8377	1.23
537.00	0.00	93.1392	1.23
537.50	0.00	93.4405	1.23
538.00	0.00	93.7419	1.23
538.50	0.00	94.0432	1.23
539.00	0.00	94.3445	1.23
539.50	0.00	94.6457	1.23
540.00	0.00	94.9469	1.23
540.50	0.00	95.2481	1.23
541.00	0.00	95.5492	1.23
541.50	0.00	95.8503	1.23
542.00	0.00	96.1512	1.23
542.50	0.00	96.4522	1.23
543.00	0.00	96.7530	1.23
543.50	0.00	97.0538	1.23
544.00	0.00	97.3546	1.23
544.50	0.00	97.6552	1.23
545.00	0.00	97.9558	1.23
545.50	0.00	98.2563	1.23
546.00	0.00	98.5567	1.23
546.50	0.00	98.8570	1.23
547.00	0.00	99.1572	1.23
547.50	0.00	99.4573	1.23
548.00	0.00	99.7573	1.23
548.50	0.00	100.0572	1.23
549.00	0.00	100.3570	1.23
549.50	0.00	100.6567	1.23
550.00	0.00	100.9563	1.23
550.50	0.00	101.2558	1.23
551.00	0.00	101.5551	1.23
551.50	0.00	101.8543	1.23
552.00	0.00	102.1534	1.23
552.50	0.00	102.4524	1.23
553.00	0.00	102.7512	1.23
553.50	0.00	103.0499	1.23
554.00	0.00	103.3484	1.23
554.50	0.00	103.6468	1.23
555.00	0.00	103.9451	1.23
555.50	0.00	104.2432	1.23
556.00	0.00	104.5411	1.23
556.50	0.00	104.8389	1.23
557.00	0.00	105.1365	1.23
557.50	0.00	105.4340	1.23
558.00	0.00	105.7313	1.23
558.50	0.00	106.0284	1.23
559.00	0.00	106.3253	1.23
559.50	0.00	106.6221	1.23
560.00	0.00	106.9187	1.23
560.50	0.00	107.2151	1.23
561.00	0.00	107.5113	1.23
561.50	0.00	107.8073	1.23
562.00	0.00	108.1031	1.23
562.50	0.00	108.3987	1.23
563.00	0.00	108.6942	1.23
563.50	0.00	108.9894	1.23
564.00	0.00	109.2844	1.23
564.50	0.00	109.5792	1.23
565.00	0.00	109.8738	1.23
565.50	0.00	110.1682	1.23
566.00	0.00	110.4624	1.23
566.50	0.00	110.7563	1.23
567.00	0.00	111.0500	1.23
567.50	0.00	111.3435	1.23
568.00	0.00	111.6368	1.23
568.50	0.00	111.9298	1.23
569.00	0.00	112.2226	1.23
569.50	0.00	112.5151	1.23
570.00	0.00	112.8074	1.23
570.50	0.00	113.0995	1.23
571.00	0.00	113.3913	1.23
571.50	0.00	113.6828	1.23
572.00	0.00	113.9741	1.23
572.50	0.00	114.2652	1.23
573.00	0.00	114.5560	1.23
573.50	0.00	114.8465	1.23
574.00	0.00	115.1368	1.23
574.50	0.00	115.4268	1.23
575.00	0.00	115.7165	1.23
575.50	0.00	116.0059	1.23
576.00	0.00	116.2951	1.23
576.50	0.00	116.5840	1.23
577.00	0.00	116.8726	1.23
577.50	0.00	117.1609	1.23
578.00	0.00	117.4490	1.23
578.50	0.00	117.7367	1.23
579.00	0.00	118.0242	1.23
579.50	0.00	118.3113	1.23
580.00	0.00	118.5982	1.23
580.50	0.00	118.8847	1.23
581.00	0.00	119.1710	1.23
581.50	0.00	119.4569	1.23
582.00	0.00	119.7426	1.23
582.50	0.00	120.0279	1.23
583.00	0.00	120.3129	1.23
583.50	0.00	120.5976	1.23
584.00	0.00	120.8820	1.23
584.50	0.00	121.1661	1.23
585.00	0.00	121.4498	1.23
585.50	0.00	121.7332	1.23
586.00	0.00	122.0163	1.23
586.50	0.00	122.2991	1.23
587.00	0.00	122.5815	1.23
587.50	0.00	122.8636	1.23
588.00	0.00	123.1453	1.23
588.50	0.00	123.4268	1.23
589.00	0.00	123.7078	1.23
589.50	0.00	123.9885	1.23
590.00	0.00	124.2689	1.23
590.50	0.00	124.5489	1.23
591.00	0.00	124.8286	1.23
591.50	0.00	125.1079	1.23
592.00	0.00	125.3869	1.23
592.50	0.00	125.6655	1.23
593.00	0.00	125.9438	1.23
593.50	0.00	126.2217	1.23
594.00	0.00	126.4992	1.23
594.50	0.00	126.7763	1.23
595.00	0.00	127.0531	1.23
595.50	0.00	127.3295	1.23
596.00	0.00	127.6056	1.23
596.50	0.00	127.8813	1.23
597.00	0.00	128.1566	1.23
597.50	0.00	128.4315	1.23
598.00	0.00	128.7060	1.23
598.50	0.00	128.9802	1.23
599.00	0.00	129.2539	1.23
599.50	0.00	129.5273	1.23
600.00	0.00	129.8003	1.23
600.50	0.00	130.0729	1.23
601.00	0.00	130.3451	1.23
601.50	0.00	130.6169	1.23
602.00	0.00	130.8883	1.23
602.50	0.00	131.1593	1.23
603.00	0.00	131.4300	1.23
603.50	0.00	131.7002	1.23
604.00	0.00	131.9700	1.23
604.50	0.00	132.2394	1.23
605.00	0.00	132.5084	1.23
605.50	0.00	132.7770	1.23
606.00	0.00	133.0452	1.23
606.50	0.00	133.3129	1.23
607.00	0.00	133.5803	1.23
607.50	0.00	133.8472	1.23
608.00	0.00	134.1138	1.23
608.50	0.00	134.3799	1.23
609.00	0.00	134.6455	1.23
609.50	0.00	134.9108	1.23
610.00	0.00	135.1756	1.23
610.50	0.00	135.4401	1.23
611.00	0.00	135.7041	1.23
611.50	0.00	135.9676	1.23
612.00	0.00	136.2307	1.23
612.50	0.00	136.4934	1.23
613.00	0.00	136.7557	1.23
613.50	0.00	137.0175	1.23
614.00	0.00	137.2789	1.23
614.50	0.00	137.5399	1.23
615.00	0.00	137.8004	1.23
615.50	0.00	138.0605	1.23
616.00	0.00	138.3201	1.23
616.50	0.00	138.5793	1.23
617.00	0.00	138.8381	1.23
617.50	0.00	139.0964	1.23
618.00	0.00	139.3543	1.23
618.50	0.00	139.6117	1.23
619.00	0.00	139.8686	1.23
619.50	0.00	140.1252	1.23
620.00	0.00	140.3812	1.23
620.50	0.00	140.6368	1.23
621.00	0.00	140.8920	1.23
621.50	0.00	141.1467	1.23
622.00	0.00	141.4010	1.23
622.50	0.00	141.6547	1.23
623.00	0.00	141.9081	1.23
623.50	0.00	142.1609	1.23
624.00	0.00	142.4134	1.23
624.50	0.00	142.6653	1.23
625.00	0.00	142.9168	1.23
625.50	0.00	143.1678	1.23
626.00	0.00	143.4184	1.23
626.50	0.00	143.6685	1.23
627.00	0.00	143.9181	1.23
627.50	0.00	144.1673	1.23
628.00	0.00	144.4160	1.23
628.50	0.00	144.6642	1.23
629.00	0.00	144.9119	1.23
629.50	0.00	145.1592	1.23
630.00	0.00	145.4060	1.23
630.50	0.00	145.6524	1.23
631.00	0.00	145.8982	1.23
631.50	0.00	146.1436	1.23
632.00	0.00	146.3885	1.23
632.50	0.00	146.6330	1.23
633.00	0.00	146.8769	1.23
633.50	0.00	147.1204	1.23
634.00	0.00	147.3634	1.23
634.50	0.00	147.6059	1.23
635.00	0.00	147.8480	1.23
635.50	0.00	148.0895	1.23
636.00	0.00	148.3306	1.23
636.50	0.00	148.5712	1.23
637.00	0.00	148.8113	1.23
637.50	0.00	149.0510	1.23
638.00	0.00	149.2901	1.23
638.50	0.00	149.5288	1.23
639.00	0.00	149.7670	1.23
639.50	0.00	150.0046	1.23
640.00	0.00	150.2418	1.23
640.50	0.00	150.4786	1.23
641.00	0.00	150.7148	1.23
641.50	0.00	150.9505	1.23
642.00	0.00	151.1858	1.23
642.50	0.00	151.4206	1.23
643.00	0.00	151.6548	1.23
643.50	0.00	151.8886	1.23
644.00	0.00	152.1219	1.23
644.50	0.00	152.3547	1.23
645.00	0.00	152.5870	1.23
645.50	0.00	152.8188	1.23
646.00	0.00	153.0502	1.23
646.50	0.00	153.2810	1.23
647.00	0.00	153.5113	1.23
647.50	0.00	153.7412	1.23
648.00	0.00	153.9705	1.23
648.50	0.00	154.1994	1.23
649.00	0.00	154.4277	1.23
649.50	0.00	154.6556	1.23
650.00	0.00	154.8830	1.23
650.50	0.00	155.1099	1.23
651.00	0.00	155.3363	1.23
651.50	0.00	155.5621	1.23
652.00	0.00	155.7875	1.23
652.50	0.00	156.0124	1.23
653.00	0.00	156.2368	1.23
653.50	0.00	156.4607	1.23
654.00	0.00	156.6841	1.23
654.50	0.00	156.9070	1.23
655.00	0.00	157.1294	1.23
655.50	0.00	157.3514	1.23
656.00	0.00	157.5728	1.23
656.50	0.00	157.7937	1.23
657.00	0.00	158.0141	1.23
657.50	0.00	158.2340	1.23
658.00	0.00	158.4535	1.23
658.50	0.00	158.6724	1.23
659.00	0.00	158.8908	1.23
659.50	0.00	159.1087	1.23
660.00	0.00	159.3262	1.23
660.50	0.00	159.5431	1.23
661.00	0.00	159.7595	1.23
661.50	0.00	159.9755	1.23
662.00	0.00	160.1909	1.23
662.50	0.00	160.4058	1.23
663.00	0.00	160.6203	1.23
663.50	0.00	160.8342	1.23
664.00	0.00	161.0477	1.23
664.50	0.00	161.2606	1.23
665.00	0.00	161.4730	1.23
665.50	0.00	161.6850	1.23
666.00	0.00	161.8964	1.23
666.50	0.00	162.1074	1.23
667.00	0.00	162.3179	1.23
667.50	0.00	162.5278	1.23
668.00	0.00	162.7373	1.23
668.50	0.00	162.9462	1.23
669.00	0.00	163.1547	1.23
669.50	0.00	163.3627	1.23
670.00	0.00	163.5701	1.23
670.50	0.00	163.7771	1.23
671.00	0.00	163.9836	1.23
671.50	0.00	164.1896	1.23
672.00	0.00	164.3950	1.23
672.50	0.00	164.6000	1.23
673.00	0.00	164.8045	1.23
673.50	0.00	165.0085	1.23
674.00	0.00	165.2120	1.23
674.50	0.00	165.4150	1.23
675.00	0.00	165.6175	1.23
675.50	0.00	165.8196	1.23
676.00	0.00	166.0211	1.23
676.50	0.00	166.2221	1.23
677.00	0.00	166.4226	1.23
677.50	0.00	166.6227	1.23
678.00	0.00	166.8222	1.23
678.50	0.00	167.0213	1.23
679.00	0.00	167.2198	1.23
679.50	0.00	167.4179	1.23
680.00	0.00	167.6155	1.23
680.50	0.00	167.8126	1.23
681.00	0.00	168.0091	1.23
681.50	0.00	168.2052	1.23
682.00	0.00	168.4009	1.23
682.50	0.00	168.5960	1.23
683.00	0.00	168.7906	1.23
683.50	0.00	168.9847	1.23
684.00	0.00	169.1784	1.23
684.50	0.00	169.3715	1.23
685.00	0.00	169.5642	1.23
685.50	0.00	169.7564	1.23
686.00	0.00	169.9481	1.23
686.50	0.00	170.1393	1.23
687.00	0.00	170.3300	1.23
687.50	0.00	170.5203	1.23
688.00	0.00	170.7100	1.23
688.50	0.00	170.8993	1.23
689.00	0.00	171.0880	1.23
689.50	0.00	171.2763	1.23
690.00	0.00	171.4641	1.23
690.50	0.00	171.6515	1.23
691.00	0.00	171.8383	1.23
691.50	0.00	172.0247	1.23
692.00	0.00	172.2105	1.23
692.50	0.00	172.3959	1.23
693.00	0.00	172.5808	1.23
693.50	0.00	172.7653	1.23
694.00	0.00	172.9492	1.23
694.50	0.00	173.1327	1.23
695.00	0.00	173.3157	1.23
695.50	0.00	173.4982	1.23
696.00	0.00	173.6802	1.23
696.50	0.00	173.8617	1.23
697.00	0.00	174.0428	1.23
697.50	0.00	174.2234	1.23
698.00	0.00	174.4035	1.23
698.50	0.00	174.5831	1.23
699.00	0.00	174.7623	1.23
699.50	0.00	174.9410	1.23
700.00	0.00	175.1192	1.23
700.50	0.00	175.2969	1.23
701.00	0.00	175.4742	1.23
701.50	0.00	175.6510	1.23
702.00	0.00	175.8273	1.23
702.50	0.00	176.0031	1.23
703.00	0.00	176.1785	1.23
703.50	0.00	176.3534	1.23
704.00	0.00	176.5278	1.23
704.50	0.00	176.7018	1.23
705.00	0.00	176.8752	1.23
705.50	0.00	177.0482	1.23
706.00	0.00	177.2208	1.23
706.50	0.00	177.3929	1.23
707.00	0.00	177.5645	1.23
707.50	0.00	177.7356	1.23
708.00	0.00	177.9063	1.23
708.50	0.00	178.0765	1.23
709.00	0.00	178.2462	1.23
709.50	0.00	178.4155	1.23
710.00	0.00	178.5843	1.23
710.50	0.00	178.7526	1.23
711.00	0.00	178.9205	1.23
711.50	0.00	179.0879	1.23
712.00	0.00	179.2549	1.23
712.50	0.00	179.4213	1.23
713.00	0.00	179.5874	1.23
713.50	0.00	179.7529	1.23
714.00	0.00	179.9180	1.23
714.50	0.00	180.0827	1.23
715.00	0.00	180.2468	1.23
715.50	0.00	180.4106	1.23
716.00	0.00	180.5738	1.23
716.50	0.00	180.7366	1.23
717.00	0.00	180.8990	1.23
717.50	0.00	181.0608	1.23
718.00	0.00	181.2223	1.23
718.50	0.00	181.3832	1.23
719.00	0.00	181.5437	1.23
719.50	0.00	181.7038	1.23
720.00	0.00	181.8634	1.23
720.50	0.00	182.0225	1.23
721.00	0.00	182.1812	1.23
721.50	0.00	182.3395	1.23
722.00	0.00	182.4972	1.23
722.50	0.00	182.6546	1.23
723.00	0.00	182.8115	1.23
723.50	0.00	182.9679	1.23
724.00	0.00	183.1238	1.23
724.50	0.00	183.2794	1.23
725.00	0.00	183.4344	1.23
725.50	0.00	183.5890	1.23
726.00	0.00	183.7432	1.23
726.50	0.00	183.8969	1.23
727.00	0.00	184.0502	1.23
727.50	0.00	184.2030	1.23
728.00	0.00	184.3554	1.23
728.50	0.00	184.5073	1.23
729.00	0.00	184.6588	1.23
729.50	0.00	184.8098	1.23
730.00	0.00	184.9604	1.23
730.50	0.00	185.1105	1.23
731.00	0.00	185.2602	1.23
731.50	0.00	185.4095	1.23
732.00	0.00	185.5583	1.23
732.50	0.00	185.7066	1.23
733.00	0.00	185.8545	1.23
733.50	0.00	186.0020	1.23
734.00	0.00	186.1490	1.23
734.50	0.00	186.2956	1.23
735.00	0.00	186.4417	1.23
735.50	0.00	186.5874	1.23
736.00	0.00	186.7326	1.23
736.50	0.00	186.8774	1.23
737.00	0.00	187.0218	1.23
737.50	0.00	187.1657	1.23
738.00	0.00	187.3092	1.23
738.50	0.00	187.4522	1.23
739.00	0.00	187.5948	1.23
739.50	0.00	187.7370	1.23
740.00	0.00	187.8787	1.23
740.50	0.00	188.0200	1.23
741.00	0.00	188.1608	1.23
741.50	0.00	188.3012	1.23
742.00	0.00	188.4412	1.23
742.50	0.00	188.5807	1.23
743.00	0.00	188.7197	1.23
743.50	0.00	188.8584	1.23
744.00	0.00	188.9966	1.23
744.50	0.00	189.1344	1.23
745.00	0.00	189.2717	1.23
745.50	0.00	189.4086	1.23
746.00	0.00	189.5450	1.23
746.50	0.00	189.6810	1.23
747.00	0.00	189.8166	1.23
747.50	0.00	189.9518	1.23
748.00	0.00	190.0865	1.23
748.50	0.00	190.2207	1.23
749.00	0.00	190.3546	1.23
749.50	0.00	190.4880	1.23
750.00	0.00	190.6209	1.23
750.50	0.00	190.7534	1.23
751.00	0.00	190.8855	1.23
751.50	0.00	191.0172	1.23
752.00	0.00	191.1484	1.23
752.50	0.00	191.2792	1.23
753.00	0.00	191.4095	1.23
753.50	0.00	191.5394	1.23
754.00	0.00	191.6689	1.23
754.50	0.00	191.7979	1.23
755.00	0.00	191.9265	1.23
755.50	0.00	192.0547	1.23
756.00	0.00	192.1824	1.23
756.50	0.00	192.3097	1.23
757.00	0.00	192.4366	1.23
757.50	0.00	192.5630	1.23
758.00	0.00	192.6890	1.23
758.50	0.00	192.8146	1.23
759.00	0.00	192.9397	1.23
759.50	0.00	193.0644	1.23
760.00	0.00	193.1887	1.23
760.50	0.00	193.3125	1.23
761.00	0.00	193.4359	1.23
761.50	0.00	193.5588	1.23
762.00	0.00	193.6813	1.23
762.50	0.00	193.8034	1.23
763.00	0.00	193.9250	1.23
763.50	0.00	194.0462	1.23
764.00	0.00	194.1670	1.23
764.50	0.00	194.2873	1.23
765.00	0.00	194.4072	1.23
765.50	0.00	194.5267	1.23
766.00	0.00	194.6457	1.23
766.50	0.00	194.7643	1.23
767.00	0.00	194.8825	1.23
767.50	0.00	195.0002	1.23
768.00	0.00	195.1175	1.23
768.50	0.00	195.2343	1.23
769.00	0.00	195.3507	1.23
769.50	0.00	195.4667	1.23
770.00	0.00	195.5822	1.23
770.50	0.00	195.6973	1.23
771.00	0.00	195.8120	1.23
771.50	0.00	195.9262	1.23
772.00	0.00	196.0400	1.23
772.50	0.00	196.1533	1.23
773.00	0.00	196.2662	1.23
773.50	0.00	196.3786	1.23
774.00	0.00	196.4907	1.23
774.50	0.00	196.6022	1.23
775.00	0.00	196.7134	1.23
775.50	0.00	196.8241	1.23
776.00	0.00	196.9343	1.23
776.50	0.00	197.0442	1.23
777.00	0.00	197.1535	1.23
777.50	0.00	197.2625	1.23
778.00	0.00	197.3709	1.23
778.50	0.00	197.4790	1.23
779.00	0.00	197.5866	1.23
779.50	0.00	197.6938	1.23
780.00	0.00	197.8005	1.23
780.50	0.00	197.9067	1.23
781.00	0.00	198.0126	1.23
781.50	0.00	198.1179	1.23
782.00	0.00	198.2229	1.23
782.50	0.00	198.3274	1.23
783.00	0.00	198.4314	1.23
783.50	0.00	198.5350	1.23
784.00	0.00	198.6381	1.23
784.50	0.00	198.7408	1.23
785.00	0.00	198.8431	1.23
785.50	0.00	198.9449	1.23
786.00	0.00	199.0462	1.23
786.50	0.00	199.1471	1.23
787.00	0.00	199.2475	1.23
787.50	0.00	199.3475	1.23
788.00	0.00	199.4471	1.23
788.50	0.00	199.5462	1.23
789.00	0.00	199.6448	1.23
789.50	0.00	199.7430	1.23
790.00	0.00	199.8407	1.23
790.50	0.00	199.9380	1.23
791.00	0.00	200.0348	1.23
791.50	0.00	200.1312	1.23
792.00	0.00	200.2271	1.23
792.50	0.00	200.3225	1.23
793.00	0.00	200.4175	1.23
793.50	0.00	200.5120	1.23
794.00	0.00	200.6061	1.23
794.50	0.00	200.6997	1.23
795.00	0.00	200.7928	1.23
795.50	0.00	200.8855	1.23
796.00	0.00	200.9777	1.23
796.50	0.00	201.0695	1.23
797.00	0.00	201.1608	1.23
797.50	0.00	201.2516	1.23
798.00	0.00	201.3419	1.23
798.50	0.00	201.4318	1.23
799.00	0.00	201.5213	1.23
799.50	0.00	201.6102	1.23
800.00	0.00	201.6987	1.23
800.50	0.00	201.7867	1.23
801.00	0.00	201.8743	1.23
801.50	0.00	201.9613	1.23
802.00	0.00	202.0479	1.23
802.50	0.00	202.1341	1.23
803.00	0.00	202.2197	1.23
803.50	0.00	202.3049	1.23
804.00	0.00	202.3896	1.23
804.50	0.00	202.4739	1.23
805.00	0.00	202.5576	1.23
805.50	0.00	202.6409	1.23
806.00	0.00	202.7237	1.23
806.50	0.00	202.8060	1.23
807.00	0.00	202.8878	1.23
807.50	0.00	202.9692	1.23
808.00	0.00	203.0500	1.23
808.50	0.00	203.1304	1.23
809.00	0.00	203.2103	1.23
809.50	0.00	203.2897	1.23
810.00	0.00	203.3687	1.23
810.50	0.00	203.4471	1.23
811.00	0.00	203.5251	1.23
811.50	0.00	203.6025	1.23
812.00	0.00	203.6795	1.23
812.50	0.00	203.7560	1.23
813.00	0.00	203.8320	1.23
813.50	0.00	203.9075	1.23
814.00	0.00	203.9824	1.23
814.50	0.00	204.0570	1.23
815.00	0.00	204.1310	1.23
815.50	0.00	204.2045	1.23
816.00	0.00	204.2775	1.23
816.50	0.00	204.3500	1.23
817.00	0.00	204.4220	1.23
817.50	0.00	204.4935	1.23
818.00	0.00	204.5645	1.23
818.50	0.00	204.6350	1.23
819.00	0.00	204.7050	1.23
819.50	0.00	204.7745	1.23
820.00	0.00	204.8435	1.23
820.50	0.00	204.9119	1.23
821.00	0.00	204.9799	1.23
821.50	0.00	205.0474	1.23
822.00	0.00	205.1143	1.23
822.50	0.00	205.1807	1.23
823.00	0.00	205.2466	1.23
823.50	0.00	205.3120	1.23
824.00	0.00	205.3769	1.23
824.50	0.00	205.4413	1.23
825.00	0.00	205.5051	1.23
825.50	0.00	205.5684	1.23
826.00	0.00	205.6312	1.23
826.50	0.00	205.6935	1.23
827.00	0.00	205.7553	1.23
827.50	0.00	205.8165	1.23
828.00	0.00	205.8772	1.23
828.50	0.00	205.9374	1.23
829.00	0.00	205.9971	1.23
829.50	0.00	206.0562	1.23
830.00	0.00	206.1148	1.23
830.50	0.00	206.1729	1.23
831.00	0.00	206.2304	1.23
831.50	0.00	206.2874	1.23
832.00	0.00	206.3438	1.23
832.50	0.00	206.3998	1.23
833.00	0.00	206.4552	1.23
833.50	0.00	206.5100	1.23
834.00	0.00	206.5643	1.23
834.50	0.00	206.6181	1.23
835.00	0.00	206.6713	1.23
835.50	0.00	206.7240	1.23
836.00	0.00	206.7761	1.23
836.50	0.00	206.8277	1.23
837.00	0.00	206.8788	1.23
837.50	0.00	206.9293	1.23
838.00	0.00	206.9792	1.23
838.50	0.00	207.0286	1.23
839.00	0.00	207.0775	1.23
839.50	0.00	207.1258	1.23
840.00	0.00	207.1735	1.23
840.50	0.00	207.2207	1.23
841.00	0.00	207.2673	1.23
841.50	0.00	207.3134	1.23
842.00	0.00	207.3589	1.23
842.50	0.00	207.4038	1.23
843.00	0.00	207.4482	1.23
843.50	0.00	207.4920	1.23
844.00	0.00	207.5353	1.23
844.50	0.00	207.5780	1.23
845.00	0.00	207.6201	1.23
845.50	0.00	207.6617	1.23
846.00	0.00	207.7027	1.23
846.50	0.00	207.7431	1.23
847.00	0.00	207.7830	1.23
847.50	0.00	207.8222	1.23
848.00	0.00	207.8609	1.23
848.50	0.00	207.8991	1.23
849.00	0.00	207.9366	1.23
849.50	0.00	207.9736	1.23
850.00	0.00	208.0100	1.23
850.50	0.00	208.0458	1.23
851.00	0.00	208.0811	1.23
851.50	0.00	208.1157	1.23
852.00	0.00	208.1498	1.23
852.50	0.00	208.1833	1.23
853.00	0.00	208.2162	1.23
853.50	0.00	208.2485	1.23
854.00	0.00	208.2802	1.23
854.50	0.00	208.3114	1.23
855.00	0.00	208.3419	1.23
855.50	0.00	208.3719	1.23
856.00	0.00	208.4013	1.23
856.50	0.00	208.4300	1.23
857.00	0.00	208.4582	1.23
857.50	0.00	208.4858	1.23
858.00	0.00	208.5128	1.23
858.50	0.00	208.5392	1.23
859.00	0.00	208.5650	1.23
859.50	0.00	208.5902	1.23
860.00	0.00	208.6148	1.23
860.50	0.00	208.6387	1.23
861.00	0.00	208.6621	1.23
861.50	0.00	208.6849	1.23
862.00	0.00	208.7071	1.23
862.50	0.00	208.7287	1.23
863.00	0.00	208.7496	1.23
863.50	0.00	208.7700	1.23
864.00	0.00	208.7897	1.23
864.50	0.00	208.8089	1.23
865.00	0.00	208.8274	1.23
865.50	0.00	208.8453	1.23
866.00	0.00	208.8626	1.23
866.50	0.00	208.8793	1.23
867.00	0.00	208.8954	1.23
867.50	0.00	208.9109	1.23
868.00	0.00	208.9257	1.23
868.50	0.00	208.9399	1.23
869.00	0.00	208.9535	1.23
869.50	0.00	208.9665	1.23
870.00	0.00	208.9789	1.23
870.50	0.00	208.9906	1.23
871.00	0.00	209.0017	1.23
871.50	0.00	209.0122	1.23
872.00	0.00	209.0221	1.23
872.50	0.00	209.0314	1.23
873.00	0.00	209.0400	1.23
873.50	0.00	209.0480	1.23
874.00	0.00	209.0554	1.23
874.50	0.00	209.0621	1.23
875.00	0.00	209.0683	1.23
875.50	0.00	209.0737	1.23
876.00	0.00	209.0786	1.23
876.50	0.00	209.0828	1.23
877.00	0.00	209.0864	1.23
877.50	0.00	209.0894	1.23
878.00	0.00	209.0917	1.23
878.50	0.00	209.0934	1.23
879.00	0.00	209.0945	1.23
879.50	0.00	209.0950	1.23
880.00	0.00	209.0948	1.23
880.50	0.00	209.0939	1.23
881.00	0.00	209.0925	1.23
881.50	0.00	209.0904	1.23
882.00	0.00	209.0876	1.23
882.50	0.00	209.0842	1.23
883.00	0.00	209.0802	1.23
883.50	0.00	209.0756	1.23
884.00	0.00	209.0703	1.23
884.50	0.00	209.0643	1.23
885.00	0.00	209.0578	1.23
885.50	0.00	209.0506	1.23
886.00	0.00	209.0427	1.23
886.50	0.00	209.0342	1.23
887.00	0.00	209.0251	1.23
887.50	0.00	209.0153	1.23
888.00	0.00	209.0049	1.23
888.50	0.00	208.9939	1.23
889.00	0.00	208.9822	1.23
889.50	0.00	208.9698	1.23
890.00	0.00	208.9569	1.23
890.50	0.00	208.9433	1.23
891.00	0.00	208.9290	1.23
891.50	0.00	208.9141	1.23
892.00	0.00	208.8985	1.23
892.50	0.00	208.8824	1.23
893.00	0.00	208.8655	1.23
893.50	0.00	208.8481	1.23
894.00	0.00	208.8300	1.23
894.50	0.00	208.8112	1.23
895.00	0.00	208.7918	1.23
895.50	0.00	208.7718	1.23
896.00	0.00	208.7511	1.23
896.50	0.00	208.7298	1.23
897.00	0.00	208.7078	1.23
897.50	0.00	208.6852	1.23
898.00	0.00	208.6620	1.23
898.50	0.00	208.6381	1.23
899.00	0.00	208.6135	1.23
899.50	0.00	208.5884	1.23
900.00	0.00	208.5626	1.23
[END_OF_LAMPDATA]

[AMBIENT_TEMP]
21.0

[DEVICE_TEMP]
21.99

# pixel no, wavelength (nm), irradiane responsivity, uncertainty (% k=1), dark1, dark2, raw1, stdev1, raw2, stdev2
# type(s): uint8, single, single, single, single, single, single, single, single, single
[CALDATA]
0	0.00	512.000	0	0.000	0.000	512.000	0	256.000	0
1	305.23	2.537E-003	19.79	564.200	0.000	86.33	1.98	91.87	4.68
2	308.57	2.928E-003	13.73	563.900	0.000	96.90	1.31	95.53	3.12
3	311.92	2.914E-003	17.44	563.300	0.000	118.07	1.94	111.67	4.45
4	315.27	3.145E-003	20.38	564.800	0.000	139.03	1.85	123.60	5.40
5	318.62	2.265E-003	9.94	556.500	0.000	172.20	1.69	169.13	3.95
6	321.97	2.380E-003	8.07	558.700	0.000	200.63	2.21	187.47	3.22
7	325.33	1.971E-003	6.00	557.700	0.000	228.60	1.88	230.07	3.13
8	328.68	2.184E-003	6.00	562.600	0.000	267.67	1.93	248.47	3.09
9	332.03	1.719E-003	5.81	557.300	0.000	313.53	2.46	316.13	4.17
10	335.39	1.628E-003	4.32	559.700	0.000	367.13	2.05	367.27	3.36
11	338.74	1.424E-003	3.68	557.900	0.000	440.27	1.97	448.80	3.40
12	342.10	1.309E-003	3.35	556.800	0.000	525.97	2.17	533.27	3.46
13	345.46	1.158E-003	2.80	560.500	0.000	634.43	1.98	648.47	3.09
14	348.82	1.068E-003	2.97	559.000	0.000	763.73	2.78	770.67	4.04
15	352.18	9.991E-004	2.88	554.200	0.000	916.97	2.06	907.27	4.56
16	355.54	9.165E-004	2.49	558.800	0.000	1069.33	2.40	1061.93	3.74
17	358.90	8.636E-004	2.48	553.500	0.000	1222.23	3.06	1213.00	4.17
18	362.26	8.226E-004	2.46	561.300	0.000	1347.33	2.07	1352.13	4.79
19	365.62	8.290E-004	2.33	557.200	0.000	1468.73	2.12	1455.93	4.26
20	368.99	8.278E-004	2.33	559.400	0.000	1551.33	1.78	1549.07	4.60
21	372.35	8.287E-004	2.29	562.000	0.000	1629.97	1.52	1640.13	4.60
22	375.72	8.414E-004	2.16	563.100	0.000	1719.50	2.26	1726.60	3.46
23	379.08	8.467E-004	2.26	563.100	0.000	1822.53	2.04	1828.60	4.82
24	382.45	8.482E-004	2.14	558.500	0.000	1957.30	1.85	1952.33	3.88
25	385.82	8.278E-004	2.11	561.700	0.000	2114.27	2.61	2116.47	4.16
26	389.19	8.012E-004	2.08	559.800	0.000	2303.97	2.11	2312.53	4.41
27	392.56	7.702E-004	1.99	555.300	0.000	2533.03	2.63	2544.73	3.51
28	395.93	7.372E-004	2.00	558.600	0.000	2812.53	2.40	2818.40	4.73
29	399.30	6.958E-004	1.90	553.200	0.000	3147.90	2.07	3154.00	3.33
30	402.67	6.551E-004	1.88	559.500	0.000	3533.80	1.58	3536.93	3.75
31	406.04	6.106E-004	1.84	559.300	0.000	3994.00	2.21	3997.20	3.70
32	409.41	5.657E-004	1.84	561.700	0.000	4524.43	1.85	4533.73	5.25
33	412.78	5.270E-004	1.80	557.600	0.000	5135.90	1.54	5130.73	5.02
34	416.16	4.886E-004	1.76	560.600	0.000	5823.00	1.98	5813.60	4.42
35	419.53	4.530E-004	1.73	563.700	0.000	6567.63	1.70	6565.93	4.06
36	422.91	4.231E-004	1.70	559.700	0.000	7369.90	2.17	7366.87	3.39
37	426.28	3.980E-004	1.67	561.500	0.000	8190.23	1.92	8190.53	2.94
38	429.66	3.786E-004	1.66	561.300	0.000	8998.47	1.61	8999.73	4.42
39	433.04	3.643E-004	1.63	561.900	0.000	9772.13	1.58	9771.20	3.84
40	436.41	3.542E-004	1.60	559.800	0.000	10479.13	2.04	10482.00	3.24
41	439.79	3.477E-004	1.59	558.900	0.000	11098.73	2.20	11117.20	5.01
42	443.17	3.457E-004	1.59	560.400	0.000	11640.37	2.51	11652.73	5.03
43	446.55	3.468E-004	1.58	558.100	0.000	12091.97	2.04	12096.60	4.58
44	449.93	3.503E-004	1.58	562.200	0.000	12439.23	2.12	12446.20	3.62
45	453.31	3.566E-004	1.58	561.800	0.000	12711.20	2.85	12710.73	4.18
46	456.69	3.636E-004	1.58	563.300	0.000	12926.43	2.51	12932.87	3.62
47	460.07	3.705E-004	1.58	558.600	0.000	13145.63	1.83	13156.40	5.21
48	463.45	3.775E-004	1.58	562.700	0.000	13389.87	2.21	13392.00	4.14
49	466.84	3.829E-004	1.58	557.000	0.000	13685.43	2.36	13679.93	3.77
50	470.22	3.859E-004	1.58	557.600	0.000	14044.10	1.91	14042.47	3.89
51	473.60	3.865E-004	1.58	558.600	0.000	14489.30	2.03	14492.47	3.99
52	476.98	3.842E-004	1.58	557.000	0.000	15020.73	1.88	15042.07	4.00
53	480.37	3.830E-004	1.58	557.000	0.000	15591.47	1.53	15597.87	5.07
54	483.75	3.802E-004	1.58	558.000	0.000	16171.03	2.06	16196.00	4.16
55	487.14	3.793E-004	1.58	560.500	0.000	16720.27	2.16	16743.13	5.12
56	490.52	3.785E-004	1.57	557.200	0.000	17261.50	1.87	17287.20	4.51
57	493.91	3.776E-004	1.57	557.000	0.000	17853.43	1.66	17861.73	4.66
58	497.29	3.740E-004	1.57	556.200	0.000	18522.17	1.95	18545.27	4.14
59	500.68	3.685E-004	1.57	558.800	0.000	19292.37	1.85	19337.87	5.41
60	504.07	3.623E-004	1.57	553.200	0.000	20192.80	2.23	20228.27	5.47
61	507.45	3.540E-004	1.57	558.100	0.000	21197.73	2.05	21251.40	4.04
62	510.84	3.454E-004	1.57	555.900	0.000	22337.20	1.58	22378.07	5.32
63	514.23	3.349E-004	1.57	559.900	0.000	23610.90	1.88	23666.27	3.65
64	517.62	3.239E-004	1.57	560.300	0.000	25000.87	2.24	25078.40	3.50
65	521.00	3.130E-004	1.57	561.100	0.000	26497.63	2.13	26586.93	3.60
66	524.39	3.026E-004	1.57	561.500	0.000	28081.93	1.93	28173.33	5.06
67	527.78	2.926E-004	1.57	560.500	0.000	29697.17	2.58	29816.60	3.92
68	531.17	2.837E-004	1.57	563.700	0.000	31330.27	1.83	31461.07	5.84
69	534.56	2.759E-004	1.57	563.600	0.000	32947.60	2.05	33083.67	4.33
70	537.95	2.694E-004	1.57	561.900	0.000	34450.80	2.87	34615.33	3.83
71	541.34	2.646E-004	1.57	558.700	0.000	35844.00	2.13	36019.47	5.11
72	544.73	2.613E-004	1.57	560.300	0.000	37035.33	2.98	37227.00	4.21
73	548.12	2.601E-004	1.57	560.800	0.000	37968.03	2.26	38173.73	3.84
74	551.51	2.606E-004	1.57	552.400	0.000	38689.10	2.18	38887.87	4.17
75	554.90	2.623E-004	1.57	558.300	0.000	39180.67	2.02	39396.87	4.79
76	558.29	2.650E-004	1.57	557.900	0.000	39495.63	2.43	39728.00	4.29
77	561.68	2.689E-004	1.57	555.500	0.000	39669.40	2.57	39900.07	5.43
78	565.07	2.734E-004	1.57	554.500	0.000	39721.33	2.60	39959.80	4.91
79	568.46	2.785E-004	1.57	555.800	0.000	39686.33	2.48	39933.27	4.30
80	571.85	2.841E-004	1.57	558.900	0.000	39583.70	2.27	39834.07	4.54
81	575.24	2.902E-004	1.57	560.000	0.000	39441.63	2.11	39683.67	3.50
82	578.63	2.967E-004	1.57	558.200	0.000	39234.03	2.70	39471.53	4.31
83	582.02	3.033E-004	1.57	558.800	0.000	38995.03	2.73	39236.53	5.76
84	585.41	3.108E-004	1.57	556.500	0.000	38669.13	2.42	38912.07	4.08
85	588.80	3.189E-004	1.57	555.900	0.000	38260.97	2.75	38506.33	5.49
86	592.19	3.278E-004	1.57	553.300	0.000	37816.17	2.28	38048.20	4.36
87	595.58	3.366E-004	1.57	555.100	0.000	37369.67	2.81	37607.40	5.35
88	598.98	3.446E-004	1.57	559.400	0.000	37019.10	2.51	37263.80	4.79
89	602.37	3.512E-004	1.57	558.700	0.000	36845.50	2.64	37085.40	4.34
90	605.76	3.558E-004	1.57	562.400	0.000	36891.53	2.00	37124.87	5.34
91	609.15	3.578E-004	1.57	557.700	0.000	37203.67	2.07	37430.13	5.41
92	612.54	3.576E-004	1.56	559.300	0.000	37694.70	1.71	37932.47	4.83
93	615.93	3.564E-004	1.56	554.600	0.000	38275.00	2.23	38535.73	4.43
94	619.32	3.545E-004	1.56	560.200	0.000	38950.77	2.75	39226.53	4.45
95	622.71	3.517E-004	1.56	557.300	0.000	39721.47	2.10	40017.20	4.94
96	626.10	3.489E-004	1.56	558.900	0.000	40468.87	2.07	40795.67	4.39
97	629.49	3.476E-004	1.56	557.300	0.000	41104.23	2.23	41430.07	4.19
98	632.88	3.476E-004	1.56	559.600	0.000	41524.87	2.23	41883.53	4.54
99	636.27	3.504E-004	1.56	559.500	0.000	41673.70	2.81	42021.93	4.60
100	639.66	3.547E-004	1.56	556.600	0.000	41609.47	2.05	41961.87	3.96
101	643.05	3.601E-004	1.56	554.700	0.000	41418.07	2.11	41771.27	3.41
102	646.44	3.670E-004	1.56	561.400	0.000	41064.43	2.70	41413.20	4.46
103	649.83	3.750E-004	1.56	560.300	0.000	40633.93	3.07	40958.67	4.15
104	653.22	3.835E-004	1.56	566.900	0.000	40106.63	2.00	40436.33	4.87
105	656.61	3.927E-004	1.56	558.000	0.000	39558.53	2.59	39878.53	3.74
106	660.00	4.009E-004	1.56	565.900	0.000	39121.20	2.19	39431.13	4.22
107	663.39	4.068E-004	1.56	560.500	0.000	38896.07	2.65	39209.33	3.35
108	666.78	4.109E-004	1.56	560.900	0.000	38860.73	2.20	39171.33	4.59
109	670.17	4.133E-004	1.56	559.400	0.000	38964.80	2.28	39280.60	4.90
110	673.56	4.146E-004	1.56	556.400	0.000	39165.37	2.45	39486.67	3.98
111	676.94	4.157E-004	1.56	553.800	0.000	39387.70	2.67	39707.87	4.58
112	680.33	4.164E-004	1.56	556.200	0.000	39642.03	3.09	39963.67	5.18
113	683.72	4.169E-004	1.56	555.900	0.000	39898.13	2.09	40227.67	4.55
114	687.11	4.170E-004	1.56	556.700	0.000	40189.13	2.67	40524.53	4.02
115	690.49	4.163E-004	1.56	557.700	0.000	40529.83	2.30	40881.53	3.53
116	693.88	4.154E-004	1.56	560.100	0.000	40919.03	2.67	41270.87	4.36
117	697.27	4.142E-004	1.56	560.900	0.000	41316.00	2.02	41681.67	4.13
118	700.65	4.128E-004	1.56	560.700	0.000	41720.53	2.73	42097.60	4.02
119	704.04	4.116E-004	1.56	561.700	0.000	42091.97	3.07	42491.80	3.53
120	707.42	4.115E-004	1.56	558.000	0.000	42386.73	3.11	42784.60	4.26
121	710.81	4.121E-004	1.56	560.000	0.000	42598.33	2.98	43000.00	3.38
122	714.19	4.134E-004	1.56	565.600	0.000	42713.53	3.04	43123.40	4.83
123	717.57	4.153E-004	1.56	561.400	0.000	42761.13	2.89	43181.13	5.01
124	720.96	4.172E-004	1.56	560.300	0.000	42825.80	2.49	43247.53	3.81
125	724.34	4.191E-004	1.56	558.500	0.000	42878.40	2.76	43299.20	4.19
126	727.72	4.206E-004	1.56	562.500	0.000	42984.87	2.50	43399.33	4.41
127	731.10	4.211E-004	1.56	562.800	0.000	43152.23	1.87	43577.33	3.81
128	734.49	4.217E-004	1.56	559.400	0.000	43315.57	2.86	43748.40	4.73
129	737.87	4.224E-004	1.56	558.100	0.000	43465.17	2.26	43897.60	2.73
130	741.25	4.234E-004	1.56	560.300	0.000	43566.17	2.48	44011.60	2.85
131	744.63	4.253E-004	1.56	563.900	0.000	43567.73	2.33	44026.07	4.25
132	748.01	4.282E-004	1.56	560.300	0.000	43488.97	2.99	43940.20	5.46
133	751.39	4.324E-004	1.56	560.600	0.000	43266.60	2.37	43719.40	3.89
134	754.77	4.375E-004	1.56	557.100	0.000	42967.33	2.28	43413.00	3.71
135	758.14	4.436E-004	1.56	555.300	0.000	42578.07	1.63	43012.00	4.45
136	761.52	4.500E-004	1.56	560.100	0.000	42159.33	1.91	42587.73	4.13
137	764.90	4.568E-004	1.56	557.400	0.000	41705.27	2.94	42128.87	5.18
138	768.27	4.636E-004	1.56	557.400	0.000	41272.97	2.27	41688.67	4.59
139	771.65	4.703E-004	1.56	554.800	0.000	40855.33	2.74	41259.87	3.12
140	775.02	4.769E-004	1.56	560.800	0.000	40436.33	2.63	40843.20	4.80
141	778.40	4.838E-004	1.56	559.800	0.000	40045.87	2.32	40430.40	4.50
142	781.77	4.900E-004	1.56	559.600	0.000	39676.77	3.13	40058.87	3.72
143	785.15	4.969E-004	1.56	558.100	0.000	39275.17	2.29	39648.40	4.23
144	788.52	5.046E-004	1.56	560.400	0.000	38808.67	2.37	39178.07	6.00
145	791.89	5.144E-004	1.56	561.700	0.000	38224.57	2.53	38571.47	5.41
146	795.26	5.258E-004	1.56	559.200	0.000	37517.20	1.96	37856.53	4.29
147	798.63	5.395E-004	1.56	562.400	0.000	36674.17	3.01	37008.13	4.56
148	802.00	5.565E-004	1.56	558.400	0.000	35688.60	2.78	35996.80	4.91
149	805.37	5.763E-004	1.56	559.300	0.000	34585.00	2.44	34872.73	5.00
150	808.74	5.974E-004	1.56	558.700	0.000	33418.63	2.58	33713.80	3.98
151	812.11	6.220E-004	1.56	559.500	0.000	32220.30	2.03	32483.27	4.14
152	815.47	6.476E-004	1.56	560.000	0.000	31016.77	2.93	31274.60	3.74
153	818.84	6.751E-004	1.56	557.300	0.000	29858.33	2.57	30089.07	5.53
154	822.20	7.027E-004	1.56	558.000	0.000	28761.60	1.94	28976.40	4.94
155	825.57	7.315E-004	1.56	558.800	0.000	27706.90	2.08	27905.47	4.32
156	828.93	7.596E-004	1.56	557.500	0.000	26732.60	1.99	26925.67	4.26
157	832.30	7.882E-004	1.56	557.500	0.000	25818.47	1.61	26000.87	5.07
158	835.66	8.167E-004	1.56	562.800	0.000	24971.00	3.10	25141.87	3.49
159	839.02	8.463E-004	1.56	561.900	0.000	24160.83	2.25	24314.73	3.45
160	842.38	8.766E-004	1.56	564.800	0.000	23366.73	1.88	23512.47	4.48
161	845.74	9.090E-004	1.56	562.800	0.000	22585.60	2.12	22715.93	4.33
162	849.10	9.440E-004	1.56	560.800	0.000	21803.00	1.58	21915.73	4.32
163	852.46	9.807E-004	1.56	556.200	0.000	21019.13	2.28	21123.47	3.78
164	855.81	1.021E-003	1.56	563.700	0.000	20216.23	2.83	20313.20	3.86
165	859.17	1.065E-003	1.56	559.400	0.000	19429.70	2.35	19505.40	4.68
166	862.52	1.111E-003	1.56	558.600	0.000	18625.03	2.88	18707.07	3.64
167	865.88	1.160E-003	1.56	555.500	0.000	17833.23	2.43	17921.80	5.49
168	869.23	1.213E-003	1.56	555.900	0.000	17076.73	2.29	17149.33	4.50
169	872.58	1.268E-003	1.56	559.300	0.000	16327.03	1.89	16404.00	3.75
170	875.93	1.325E-003	1.56	563.800	0.000	15625.13	2.67	15699.40	4.02
171	879.28	1.383E-003	1.56	558.600	0.000	14973.87	1.96	15046.00	4.42
172	882.63	1.443E-003	1.56	556.600	0.000	14384.87	1.77	14438.27	2.99
173	885.98	1.497E-003	1.56	562.500	0.000	13836.40	2.03	13900.93	4.74
174	889.33	1.553E-003	1.57	561.100	0.000	13326.70	2.42	13389.40	5.75
175	892.68	1.611E-003	1.56	561.200	0.000	12849.33	2.36	12909.27	4.21
176	896.02	1.668E-003	1.57	561.900	0.000	12411.57	2.22	12464.93	5.72
177	899.37	1.724E-003	1.57	560.400	0.000	12000.97	2.43	12050.73	4.79
178	902.71	1.784E-003	1.57	562.300	0.000	11598.80	2.13	11641.93	4.56
179	906.05	0.000E+000	0.97	564.300	0.000	11206.93	2.19	11250.20	4.45
180	909.39	0.000E+000	0.97	564.400	0.000	10823.47	2.00	10869.93	4.40
181	0.00	0.000E+000	0.95	0.000	0.000	0.00	0.00	0.00	0.00
182	0.00	0.000E+000	0.95	0.000	0.000	0.00	0.00	0.00	0.00
183	0.00	0.000E+000	0.95	0.000	0.000	0.00	0.00	0.00	0.00
184	0.00	0.000E+000	0.95	0.000	0.000	0.00	0.00	0.00	0.00
185	0.00	0.000E+000	0.95	0.000	0.000	0.00	0.00	0.00	0.00
186	0.00	0.000E+000	0.95	0.000	0.000	0.00	0.00	0.00	0.00
187	0.00	0.000E+000	0.95	0.000	0.000	0.00	0.00	0.00	0.00
188	0.00	0.000E+000	0.95	0.000	0.000	0.00	0.00	0.00	0.00
189	0.00	0.000E+000	0.95	0.000	0.000	0.00	0.00	0.00	0.00
190	0.00	0.000E+000	0.95	0.000	0.000	0.00	0.00	0.00	0.00
191	0.00	0.000E+000	0.95	0.000	0.000	0.00	0.00	0.00	0.00
192	0.00	0.000E+000	0.95	0.000	0.000	0.00	0.00	0.00	0.00
193	0.00	0.000E+000	0.95	0.000	0.000	0.00	0.00	0.00	0.00
194	0.00	0.000E+000	0.95	0.000	0.000	0.00	0.00	0.00	0.00
195	0.00	0.000E+000	0.95	0.000	0.000	0.00	0.00	0.00	0.00
196	0.00	0.000E+000	0.95	0.000	0.000	0.00	0.00	0.00	0.00
197	0.00	0.000E+000	0.95	0.000	0.000	0.00	0.00	0.00	0.00
198	0.00	0.000E+000	0.95	0.000	0.000	0.00	0.00	0.00	0.00
199	0.00	0.000E+000	0.95	0.000	0.000	0.00	0.00	0.00	0.00
200	0.00	0.000E+000	0.95	0.000	0.000	0.00	0.00	0.00	0.00
201	0.00	0.000E+000	0.95	0.000	0.000	0.00	0.00	0.00	0.00
202	0.00	0.000E+000	0.95	0.000	0.000	0.00	0.00	0.00	0.00
203	0.00	0.000E+000	0.95	0.000	0.000	0.00	0.00	0.00	0.00
204	0.00	0.000E+000	0.95	0.000	0.000	0.00	0.00	0.00	0.00
205	0.00	0.000E+000	0.95	0.000	0.000	0.00	0.00	0.00	0.00
206	0.00	0.000E+000	0.95	0.000	0.000	0.00	0.00	0.00	0.00
207	0.00	0.000E+000	0.95	0.000	0.000	0.00	0.00	0.00	0.00
208	0.00	0.000E+000	0.95	0.000	0.000	0.00	0.00	0.00	0.00
209	0.00	0.000E+000	0.95	0.000	0.000	0.00	0.00	0.00	0.00
210	0.00	0.000E+000	0.95	0.000	0.000	0.00	0.00	0.00	0.00
211	0.00	0.000E+000	0.95	0.000	0.000	0.00	0.00	0.00	0.00
212	0.00	0.000E+000	0.95	0.000	0.000	0.00	0.00	0.00	0.00
213	0.00	0.000E+000	0.95	0.000	0.000	0.00	0.00	0.00	0.00
214	0.00	0.000E+000	0.95	0.000	0.000	0.00	0.00	0.00	0.00
215	0.00	0.000E+000	0.95	0.000	0.000	0.00	0.00	0.00	0.00
216	0.00	0.000E+000	0.95	0.000	0.000	0.00	0.00	0.00	0.00
217	0.00	0.000E+000	0.95	0.000	0.000	0.00	0.00	0.00	0.00
218	0.00	0.000E+000	0.95	0.000	0.000	0.00	0.00	0.00	0.00
219	0.00	0.000E+000	0.95	0.000	0.000	0.00	0.00	0.00	0.00
220	0.00	0.000E+000	0.95	0.000	0.000	0.00	0.00	0.00	0.00
221	0.00	0.000E+000	0.95	0.000	0.000	0.00	0.00	0.00	0.00
222	0.00	0.000E+000	0.95	0.000	0.000	0.00	0.00	0.00	0.00
223	0.00	0.000E+000	0.95	0.000	0.000	0.00	0.00	0.00	0.00
224	0.00	0.000E+000	0.95	0.000	0.000	0.00	0.00	0.00	0.00
225	0.00	0.000E+000	0.95	0.000	0.000	0.00	0.00	0.00	0.00
226	0.00	0.000E+000	0.95	0.000	0.000	0.00	0.00	0.00	0.00
227	0.00	0.000E+000	0.95	0.000	0.000	0.00	0.00	0.00	0.00
228	0.00	0.000E+000	0.95	0.000	0.000	0.00	0.00	0.00	0.00
229	0.00	0.000E+000	0.95	0.000	0.000	0.00	0.00	0.00	0.00
230	0.00	0.000E+000	0.95	0.000	0.000	0.00	0.00	0.00	0.00
231	0.00	0.000E+000	0.95	0.000	0.000	0.00	0.00	0.00	0.00
232	0.00	0.000E+000	0.95	0.000	0.000	0.00	0.00	0.00	0.00
233	0.00	0.000E+000	0.95	0.000	0.000	0.00	0.00	0.00	0.00
234	0.00	0.000E+000	0.95	0.000	0.000	0.00	0.00	0.00	0.00
235	0.00	0.000E+000	0.95	0.000	0.000	0.00	0.00	0.00	0.00
236	0.00	0.000E+000	0.95	0.000	0.000	0.00	0.00	0.00	0.00
237	0.00	0.000E+000	0.95	0.000	0.000	0.00	0.00	0.00	0.00
238	0.00	0.000E+000	0.95	0.000	0.000	0.00	0.00	0.00	0.00
239	0.00	0.000E+000	0.95	0.000	0.000	0.00	0.00	0.00	0.00
240	0.00	0.000E+000	0.95	0.000	0.000	0.00	0.00	0.00	0.00
241	0.00	0.000E+000	0.95	0.000	0.000	0.00	0.00	0.00	0.00
242	0.00	0.000E+000	0.95	0.000	0.000	0.00	0.00	0.00	0.00
243	0.00	0.000E+000	0.95	0.000	0.000	0.00	0.00	0.00	0.00
244	0.00	0.000E+000	0.95	0.000	0.000	0.00	0.00	0.00	0.00
245	0.00	0.000E+000	0.95	0.000	0.000	0.00	0.00	0.00	0.00
246	0.00	0.000E+000	0.95	0.000	0.000	0.00	0.00	0.00	0.00
247	0.00	0.000E+000	0.95	0.000	0.000	0.00	0.00	0.00	0.00
248	0.00	0.000E+000	0.95	0.000	0.000	0.00	0.00	0.00	0.00
249	0.00	0.000E+000	0.95	0.000	0.000	0.00	0.00	0.00	0.00
250	0.00	0.000E+000	0.95	0.000	0.000	0.00	0.00	0.00	0.00
251	0.00	0.000E+000	0.95	0.000	0.000	0.00	0.00	0.00	0.00
252	0.00	0.000E+000	0.95	0.000	0.000	0.00	0.00	0.00	0.00
253	0.00	0.000E+000	0.95	0.000	0.000	0.00	0.00	0.00	0.00
254	0.00	0.000E+000	0.95	0.000	0.000	0.00	0.00	0.00	0.00
255	0.00	0.000E+000	0.95	0.000	0.000	0.00	0.00	0.00	0.00
[END_OF_CALDATA]
