!FRM4SOC_CP
!RADCAL
# radiometric calibration coefs & linearity, lamp and panel data

# comments start with # (ignored by the processor)
# no empty lines between the parameter signatures in [] and the parameter values
# parameters are case insensitive
# parameters can be inserted in any order, except the first two signatures
# columns are tab- or space-delimited

[VERSION]
0.1

[CALDATE]
2022-08-10 12:52:05

[CALLAB]
Tartu Observatory

[USER]
Riho Vendt

[LAMP_ID]
TO_7

[PANEL_ID]
SG3151_2019

[DEVICE]
SAT2027

[LAMP_CCT]
2972.0

[LAMPDATA]
300.00	0.00	1.3604	2.49
310.00	0.00	1.9255	2.12
320.00	0.00	2.6490	1.94
330.00	0.00	3.5525	1.94
340.00	0.00	4.6565	1.93
350.00	0.00	6.0017	1.93
360.00	0.00	7.6133	1.92
370.00	0.00	9.4994	1.92
380.00	0.00	11.6728	1.92
390.00	0.00	14.1421	1.84
400.00	0.00	16.8726	1.77
410.00	0.00	19.9123	1.69
420.00	0.00	23.2544	1.62
430.00	0.00	26.8917	1.55
440.00	0.00	30.8167	1.48
450.00	0.00	35.0184	1.47
460.00	0.00	39.4672	1.47
470.00	0.00	44.1590	1.47
480.00	0.00	49.0745	1.47
490.00	0.00	54.1920	1.47
500.00	0.00	59.4670	1.47
510.00	0.00	64.8774	1.46
520.00	0.00	70.4095	1.46
530.00	0.00	76.0369	1.46
540.00	0.00	81.7328	1.46
550.00	0.00	87.4698	1.46
560.00	0.00	93.1928	1.46
570.00	0.00	98.9033	1.46
580.00	0.00	104.5780	1.46
590.00	0.00	110.1949	1.45
600.00	0.00	115.7340	1.45
610.00	0.00	121.1247	1.45
620.00	0.00	126.3994	1.45
630.00	0.00	131.5449	1.45
640.00	0.00	136.5501	1.45
650.00	0.00	141.4061	1.45
660.00	0.00	146.1062	1.45
670.00	0.00	150.6452	1.45
680.00	0.00	155.0201	1.45
690.00	0.00	159.2290	1.45
700.00	0.00	163.2713	1.45
710.00	0.00	167.1474	1.44
720.00	0.00	170.7867	1.44
730.00	0.00	174.2514	1.44
740.00	0.00	177.5502	1.44
750.00	0.00	180.6841	1.44
760.00	0.00	183.6534	1.44
770.00	0.00	186.4578	1.44
780.00	0.00	189.0957	1.44
790.00	0.00	191.5645	1.44
800.00	0.00	193.8562	1.44
810.00	0.00	195.9277	1.44
820.00	0.00	197.8135	1.44
830.00	0.00	199.5058	1.44
840.00	0.00	200.9959	1.44
850.00	0.00	202.3301	1.44
860.00	0.00	203.4441	1.44
870.00	0.00	204.3257	1.44
880.00	0.00	204.9645	1.44
890.00	0.00	205.2533	1.44
900.00	0.00	205.2787	1.44
910.00	0.00	204.6042	3.50
920.00	0.00	204.7595	3.50
930.00	0.00	204.7904	3.50
940.00	0.00	204.7058	3.50
950.00	0.00	204.6300	3.50
960.00	0.00	204.4449	3.50
970.00	0.00	204.1556	3.50
980.00	0.00	203.7671	3.50
990.00	0.00	202.4842	3.50
1000.00	0.00	201.1088	3.50
[END_OF_LAMPDATA]

[AMBIENT_TEMP]
21.0

[DEVICE_TEMP]
23.09

[CALDATA]
0	0.00	512	0.00	0.000	0	512	0.00	256	0.00
1	305.23	0.000E+000	0.00	589.600	0	68.13	2.03	79.07	4.29
2	308.57	0.000E+000	0.00	584.200	0	82.33	2.15	83.73	4.12
3	311.92	0.000E+000	0.00	581.900	0	97.90	2.12	98.67	3.17
4	315.27	0.000E+000	0.00	584.000	0	111.83	1.61	111.40	4.35
5	318.62	0.000E+000	0.00	583.800	0	129.63	1.74	127.33	4.44
6	321.97	0.000E+000	0.00	583.900	0	154.83	2.29	149.87	3.48
7	325.33	0.000E+000	0.00	580.800	0	176.40	2.66	171.73	3.91
8	328.68	0.000E+000	0.00	583.300	0	204.90	1.85	195.47	3.91
9	332.03	0.000E+000	0.00	583.400	0	233.23	1.82	229.47	4.94
10	335.39	0.000E+000	0.00	581.700	0	281.67	2.12	276.07	4.26
11	338.74	0.000E+000	0.00	583.500	0	331.87	1.81	331.47	4.35
12	342.10	0.000E+000	0.00	585.100	0	395.03	1.79	404.73	4.19
13	345.46	0.000E+000	0.00	579.900	0	478.03	2.38	479.47	4.21
14	348.82	0.000E+000	0.00	575.400	0	580.07	1.79	575.20	4.13
15	352.18	9.294E-004	3.75	576.700	0	689.67	1.69	685.40	5.14
16	355.54	8.734E-004	3.33	579.700	0	799.93	1.95	792.80	4.86
17	358.90	8.129E-004	3.16	579.200	0	914.97	2.16	914.07	5.14
18	362.26	8.131E-004	2.65	575.800	0	1016.73	2.17	1001.27	3.57
19	365.62	7.887E-004	2.73	577.300	0	1103.60	1.61	1099.47	4.45
20	368.99	7.914E-004	2.64	584.300	0	1168.93	1.76	1171.80	4.31
21	372.35	8.161E-004	2.62	581.100	0	1236.53	2.17	1229.93	4.36
22	375.72	8.170E-004	2.49	576.800	0	1310.80	1.58	1310.67	3.97
23	379.08	8.180E-004	2.57	575.500	0	1393.80	2.06	1397.40	4.72
24	382.45	8.232E-004	2.41	582.400	0	1490.73	1.89	1489.40	3.92
25	385.82	7.984E-004	2.45	582.500	0	1614.57	2.09	1626.07	4.85
26	389.19	7.863E-004	2.29	583.700	0	1769.43	2.14	1770.60	3.86
27	392.56	7.522E-004	2.35	578.000	0	1960.73	1.75	1965.00	5.29
28	395.93	7.144E-004	2.22	582.600	0	2176.77	1.60	2189.00	4.57
29	399.30	6.846E-004	2.15	579.400	0	2432.97	1.72	2434.07	4.10
30	402.67	6.456E-004	2.08	579.900	0	2735.70	1.98	2735.13	3.44
31	406.04	6.053E-004	2.02	584.900	0	3093.07	1.90	3089.07	2.65
32	409.41	5.658E-004	2.00	578.600	0	3521.17	2.00	3503.67	2.82
33	412.78	5.247E-004	1.98	580.300	0	4006.57	2.17	3986.40	3.27
34	416.16	4.857E-004	1.96	580.200	0	4554.90	1.82	4535.60	4.19
35	419.53	4.511E-004	1.92	578.400	0	5157.50	1.95	5138.20	3.48
36	422.91	4.208E-004	1.91	574.100	0	5806.63	2.28	5788.47	4.40
37	426.28	3.956E-004	1.90	582.000	0	6465.23	2.14	6456.67	5.94
38	429.66	3.746E-004	1.85	576.400	0	7125.60	1.89	7135.53	3.47
39	433.04	3.620E-004	1.83	576.900	0	7760.40	1.56	7754.93	3.51
40	436.41	3.509E-004	1.81	584.600	0	8345.97	1.64	8358.73	4.27
41	439.79	3.470E-004	1.79	576.400	0	8875.37	2.25	8866.00	4.30
42	443.17	3.452E-004	1.79	577.100	0	9337.37	2.31	9321.73	4.63
43	446.55	3.455E-004	1.79	577.100	0	9724.53	2.60	9716.73	4.69
44	449.93	3.485E-004	1.78	576.700	0	10031.07	1.82	10034.67	3.72
45	453.31	3.541E-004	1.78	584.800	0	10274.27	2.14	10285.33	4.21
46	456.69	3.620E-004	1.78	575.800	0	10491.63	2.14	10490.07	4.02
47	460.07	3.689E-004	1.78	573.600	0	10697.30	1.82	10702.87	3.98
48	463.45	3.752E-004	1.78	581.500	0	10922.33	1.81	10933.40	5.18
49	466.84	3.797E-004	1.78	579.800	0	11191.50	2.27	11211.73	4.29
50	470.22	3.839E-004	1.78	576.500	0	11519.93	1.77	11525.40	5.59
51	473.60	3.852E-004	1.77	573.900	0	11923.57	2.02	11920.47	3.96
52	476.98	3.836E-004	1.77	582.300	0	12392.33	1.63	12396.20	3.69
53	480.37	3.818E-004	1.77	574.200	0	12903.53	1.85	12902.33	4.41
54	483.75	3.796E-004	1.77	576.400	0	13425.20	1.96	13426.87	4.09
55	487.14	3.787E-004	1.77	580.900	0	13908.23	2.75	13913.53	4.49
56	490.52	3.777E-004	1.77	583.600	0	14392.67	2.35	14405.53	4.15
57	493.91	3.761E-004	1.77	583.200	0	14920.07	2.77	14937.13	3.68
58	497.29	3.732E-004	1.77	583.700	0	15525.90	2.36	15536.53	3.75
59	500.68	3.679E-004	1.77	583.400	0	16215.47	1.71	16240.00	5.59
60	504.07	3.612E-004	1.77	582.200	0	17017.90	2.55	17042.67	4.45
61	507.45	3.531E-004	1.77	583.300	0	17910.37	2.05	17944.80	4.48
62	510.84	3.439E-004	1.76	581.300	0	18915.77	2.50	18957.13	4.80
63	514.23	3.334E-004	1.76	584.900	0	20050.83	1.74	20102.80	4.72
64	517.62	3.230E-004	1.76	586.500	0	21284.17	1.68	21336.27	4.44
65	521.00	3.126E-004	1.76	583.200	0	22615.97	2.51	22657.73	4.18
66	524.39	3.017E-004	1.76	583.900	0	24024.90	2.31	24088.40	5.21
67	527.78	2.918E-004	1.76	586.000	0	25477.90	1.91	25554.27	3.77
68	531.17	2.830E-004	1.76	583.900	0	26939.73	1.85	27020.33	3.82
69	534.56	2.750E-004	1.76	584.000	0	28383.97	2.25	28489.47	4.95
70	537.95	2.687E-004	1.76	583.900	0	29752.07	2.87	29864.33	4.13
71	541.34	2.637E-004	1.76	576.700	0	31031.73	2.74	31159.20	5.02
72	544.73	2.605E-004	1.76	580.600	0	32136.90	2.75	32278.47	5.19
73	548.12	2.590E-004	1.76	580.800	0	33015.40	1.93	33183.07	3.74
74	551.51	2.594E-004	1.76	581.100	0	33711.57	2.51	33880.47	4.53
75	554.90	2.611E-004	1.76	579.200	0	34225.57	2.17	34401.73	4.31
76	558.29	2.640E-004	1.76	577.500	0	34570.97	2.82	34749.20	5.14
77	561.68	2.678E-004	1.75	577.700	0	34786.33	2.32	34971.07	4.41
78	565.07	2.725E-004	1.75	581.700	0	34902.13	1.92	35084.53	4.66
79	568.46	2.775E-004	1.75	578.800	0	34940.80	2.01	35129.60	4.98
80	571.85	2.832E-004	1.75	579.500	0	34917.53	2.07	35104.00	4.56
81	575.24	2.890E-004	1.75	580.500	0	34857.83	1.82	35054.13	4.12
82	578.63	2.956E-004	1.75	580.800	0	34734.03	2.19	34924.27	3.95
83	582.02	3.021E-004	1.75	583.200	0	34582.63	1.89	34786.07	4.65
84	585.41	3.096E-004	1.75	586.500	0	34353.03	3.00	34556.60	5.45
85	588.80	3.180E-004	1.75	580.200	0	34058.07	3.34	34251.27	3.71
86	592.19	3.271E-004	1.75	579.500	0	33714.40	2.51	33890.20	3.63
87	595.58	3.358E-004	1.75	582.000	0	33372.43	3.03	33553.40	3.86
88	598.98	3.440E-004	1.75	578.800	0	33122.73	2.65	33302.33	4.31
89	602.37	3.505E-004	1.75	583.300	0	33020.10	2.29	33203.60	5.63
90	605.76	3.550E-004	1.75	578.500	0	33121.53	2.09	33299.07	3.72
91	609.15	3.566E-004	1.75	582.700	0	33446.63	2.33	33643.27	4.18
92	612.54	3.566E-004	1.75	580.300	0	33947.70	2.58	34144.53	5.14
93	615.93	3.554E-004	1.75	582.100	0	34514.70	2.37	34737.87	3.80
94	619.32	3.535E-004	1.75	577.700	0	35185.60	2.08	35420.00	4.38
95	622.71	3.509E-004	1.75	576.300	0	35927.80	2.89	36176.47	5.21
96	626.10	3.486E-004	1.75	580.500	0	36663.33	2.56	36913.53	3.69
97	629.49	3.472E-004	1.75	581.300	0	37288.40	2.77	37551.47	5.30
98	632.88	3.474E-004	1.75	584.300	0	37722.60	2.53	38002.87	4.64
99	636.27	3.503E-004	1.75	577.700	0	37917.07	2.43	38187.80	3.38
100	639.66	3.545E-004	1.74	580.100	0	37914.73	2.66	38193.87	3.36
101	643.05	3.600E-004	1.74	577.800	0	37794.33	1.66	38072.87	4.20
102	646.44	3.665E-004	1.74	585.100	0	37526.13	2.09	37821.20	4.67
103	649.83	3.746E-004	1.74	581.900	0	37186.77	1.82	37456.53	3.37
104	653.22	3.831E-004	1.74	581.200	0	36771.40	2.22	37039.47	5.05
105	656.61	3.923E-004	1.74	583.100	0	36321.17	1.97	36580.80	4.22
106	660.00	4.004E-004	1.74	582.400	0	35969.50	2.29	36230.67	3.44
107	663.39	4.065E-004	1.74	579.700	0	35806.67	2.13	36067.13	4.77
108	666.78	4.107E-004	1.74	583.700	0	35816.57	3.05	36073.73	4.73
109	670.17	4.131E-004	1.74	574.800	0	35969.33	2.22	36228.87	4.60
110	673.56	4.146E-004	1.74	578.700	0	36198.87	2.03	36457.00	4.17
111	676.94	4.158E-004	1.74	575.600	0	36456.03	2.69	36710.27	4.82
112	680.33	4.161E-004	1.74	583.700	0	36730.77	2.59	37011.00	4.18
113	683.72	4.166E-004	1.74	575.600	0	37014.80	2.03	37303.93	5.08
114	687.11	4.169E-004	1.74	574.800	0	37333.27	2.83	37617.87	4.50
115	690.49	4.166E-004	1.74	578.400	0	37695.97	2.12	37980.67	4.48
116	693.88	4.154E-004	1.74	581.200	0	38098.50	2.56	38408.07	3.82
117	697.27	4.146E-004	1.74	582.400	0	38504.10	2.40	38813.53	4.02
118	700.65	4.131E-004	1.74	580.600	0	38929.93	2.92	39256.13	4.99
119	704.04	4.125E-004	1.74	581.500	0	39325.13	2.02	39646.53	3.47
120	707.42	4.119E-004	1.74	581.000	0	39639.97	2.62	39990.07	4.30
121	710.81	4.125E-004	1.74	578.600	0	39890.20	2.00	40242.80	3.51
122	714.19	4.140E-004	1.74	579.800	0	40042.63	2.40	40393.67	4.59
123	717.57	4.163E-004	1.74	576.000	0	40133.43	1.97	40476.07	5.84
124	720.96	4.177E-004	1.74	577.700	0	40228.27	2.89	40600.53	4.66
125	724.34	4.198E-004	1.74	574.100	0	40329.17	2.71	40688.53	3.89
126	727.72	4.212E-004	1.74	577.900	0	40460.00	2.15	40824.53	4.57
127	731.10	4.216E-004	1.74	584.700	0	40663.00	2.04	41040.47	4.15
128	734.49	4.224E-004	1.74	576.200	0	40859.80	1.97	41234.47	4.64
129	737.87	4.231E-004	1.74	581.400	0	41032.53	2.47	41418.27	4.58
130	741.25	4.242E-004	1.74	580.800	0	41175.43	2.20	41562.13	4.11
131	744.63	4.262E-004	1.74	581.900	0	41215.77	3.20	41612.00	4.82
132	748.01	4.292E-004	1.74	576.600	0	41186.20	2.86	41571.00	4.67
133	751.39	4.333E-004	1.74	574.000	0	41020.87	2.92	41409.33	4.75
134	754.77	4.384E-004	1.74	577.700	0	40766.27	3.28	41153.47	4.21
135	758.14	4.444E-004	1.74	577.400	0	40434.20	2.54	40818.13	4.07
136	761.52	4.510E-004	1.74	581.700	0	40065.20	2.14	40443.07	3.93
137	764.90	4.577E-004	1.74	587.000	0	39658.17	3.00	40043.67	4.87
138	768.27	4.646E-004	1.74	576.500	0	39294.80	2.56	39664.40	3.33
139	771.65	4.713E-004	1.74	580.000	0	38919.47	2.22	39290.47	3.82
140	775.02	4.782E-004	1.74	584.900	0	38551.90	2.72	38914.13	4.33
141	778.40	4.848E-004	1.73	581.900	0	38215.13	1.86	38569.07	3.98
142	781.77	4.911E-004	1.73	580.900	0	37894.87	2.21	38247.00	5.01
143	785.15	4.983E-004	1.73	577.400	0	37544.07	2.83	37874.40	3.16
144	788.52	5.060E-004	1.73	585.100	0	37120.73	2.09	37453.53	4.06
145	791.89	5.155E-004	1.73	579.000	0	36606.03	2.55	36926.87	4.10
146	795.26	5.272E-004	1.73	578.800	0	35947.03	2.06	36258.07	4.71
147	798.63	5.414E-004	1.73	578.300	0	35170.90	2.24	35461.07	3.98
148	802.00	5.575E-004	1.73	581.200	0	34244.60	2.64	34548.27	4.78
149	805.37	5.774E-004	1.73	575.800	0	33220.60	1.33	33495.80	4.00
150	808.74	5.992E-004	1.73	578.100	0	32124.70	1.60	32391.33	4.51
151	812.11	6.239E-004	1.73	575.800	0	30990.47	1.45	31230.47	4.12
152	815.47	6.498E-004	1.73	577.800	0	29854.10	2.12	30083.93	4.77
153	818.84	6.774E-004	1.73	581.600	0	28755.93	1.86	28962.93	4.07
154	822.20	7.051E-004	1.73	584.600	0	27711.83	2.14	27910.07	6.11
155	825.57	7.338E-004	1.73	583.200	0	26713.97	2.91	26902.07	4.63
156	828.93	7.620E-004	1.73	579.800	0	25799.03	2.52	25979.87	4.69
157	832.30	7.914E-004	1.73	577.600	0	24933.87	2.67	25094.80	3.82
158	835.66	8.206E-004	1.73	581.100	0	24128.47	2.01	24273.00	3.98
159	839.02	8.490E-004	1.73	583.500	0	23363.53	2.48	23511.47	4.28
160	842.38	8.804E-004	1.73	581.700	0	22604.70	2.55	22736.73	3.90
161	845.74	9.131E-004	1.73	578.900	0	21867.80	2.70	21982.73	3.33
162	849.10	9.474E-004	1.73	581.100	0	21113.00	2.27	21228.87	4.13
163	852.46	9.849E-004	1.73	579.000	0	20368.33	2.89	20470.00	3.70
164	855.81	1.026E-003	1.73	583.700	0	19604.57	2.40	19698.00	3.82
165	859.17	1.069E-003	1.73	581.000	0	18849.27	2.18	18933.73	4.48
166	862.52	1.115E-003	1.73	584.800	0	18074.77	2.78	18171.67	4.99
167	865.88	1.166E-003	1.73	582.000	0	17318.77	2.21	17404.00	3.41
168	869.23	1.219E-003	1.73	582.100	0	16593.43	2.54	16674.00	4.00
169	872.58	1.276E-003	1.73	582.700	0	15874.83	1.71	15948.00	3.90
170	875.93	1.333E-003	1.73	589.900	0	15200.43	2.15	15276.87	3.60
171	879.28	1.394E-003	1.73	578.700	0	14581.30	2.00	14641.47	3.40
172	882.63	1.452E-003	1.74	573.700	0	14014.27	1.88	14069.00	5.37
173	885.98	1.511E-003	1.74	580.700	0	13493.23	2.05	13536.47	6.11
174	889.33	1.570E-003	1.73	573.400	0	13004.77	2.37	13038.93	3.19
175	892.68	1.628E-003	1.74	575.900	0	12544.37	1.93	12578.60	5.11
176	896.02	1.685E-003	1.73	578.200	0	12121.03	1.49	12153.40	3.10
177	899.37	1.742E-003	1.73	581.400	0	11723.17	2.01	11754.27	3.06
178	902.71	0.000E+000	0.00	575.800	0	11344.13	2.70	11365.53	2.94
179	906.05	0.000E+000	0.00	579.200	0	10962.77	2.19	10981.27	5.06
180	909.39	0.000E+000	0.00	577.600	0	10599.90	1.78	10623.33	4.58
181	0.00	0.000E+000	0.00	0.000	0	0.00	0.00	0.00	0.00
182	0.00	0.000E+000	0.00	0.000	0	0.00	0.00	0.00	0.00
183	0.00	0.000E+000	0.00	0.000	0	0.00	0.00	0.00	0.00
184	0.00	0.000E+000	0.00	0.000	0	0.00	0.00	0.00	0.00
185	0.00	0.000E+000	0.00	0.000	0	0.00	0.00	0.00	0.00
186	0.00	0.000E+000	0.00	0.000	0	0.00	0.00	0.00	0.00
187	0.00	0.000E+000	0.00	0.000	0	0.00	0.00	0.00	0.00
188	0.00	0.000E+000	0.00	0.000	0	0.00	0.00	0.00	0.00
189	0.00	0.000E+000	0.00	0.000	0	0.00	0.00	0.00	0.00
190	0.00	0.000E+000	0.00	0.000	0	0.00	0.00	0.00	0.00
191	0.00	0.000E+000	0.00	0.000	0	0.00	0.00	0.00	0.00
192	0.00	0.000E+000	0.00	0.000	0	0.00	0.00	0.00	0.00
193	0.00	0.000E+000	0.00	0.000	0	0.00	0.00	0.00	0.00
194	0.00	0.000E+000	0.00	0.000	0	0.00	0.00	0.00	0.00
195	0.00	0.000E+000	0.00	0.000	0	0.00	0.00	0.00	0.00
196	0.00	0.000E+000	0.00	0.000	0	0.00	0.00	0.00	0.00
197	0.00	0.000E+000	0.00	0.000	0	0.00	0.00	0.00	0.00
198	0.00	0.000E+000	0.00	0.000	0	0.00	0.00	0.00	0.00
199	0.00	0.000E+000	0.00	0.000	0	0.00	0.00	0.00	0.00
200	0.00	0.000E+000	0.00	0.000	0	0.00	0.00	0.00	0.00
201	0.00	0.000E+000	0.00	0.000	0	0.00	0.00	0.00	0.00
202	0.00	0.000E+000	0.00	0.000	0	0.00	0.00	0.00	0.00
203	0.00	0.000E+000	0.00	0.000	0	0.00	0.00	0.00	0.00
204	0.00	0.000E+000	0.00	0.000	0	0.00	0.00	0.00	0.00
205	0.00	0.000E+000	0.00	0.000	0	0.00	0.00	0.00	0.00
206	0.00	0.000E+000	0.00	0.000	0	0.00	0.00	0.00	0.00
207	0.00	0.000E+000	0.00	0.000	0	0.00	0.00	0.00	0.00
208	0.00	0.000E+000	0.00	0.000	0	0.00	0.00	0.00	0.00
209	0.00	0.000E+000	0.00	0.000	0	0.00	0.00	0.00	0.00
210	0.00	0.000E+000	0.00	0.000	0	0.00	0.00	0.00	0.00
211	0.00	0.000E+000	0.00	0.000	0	0.00	0.00	0.00	0.00
212	0.00	0.000E+000	0.00	0.000	0	0.00	0.00	0.00	0.00
213	0.00	0.000E+000	0.00	0.000	0	0.00	0.00	0.00	0.00
214	0.00	0.000E+000	0.00	0.000	0	0.00	0.00	0.00	0.00
215	0.00	0.000E+000	0.00	0.000	0	0.00	0.00	0.00	0.00
216	0.00	0.000E+000	0.00	0.000	0	0.00	0.00	0.00	0.00
217	0.00	0.000E+000	0.00	0.000	0	0.00	0.00	0.00	0.00
218	0.00	0.000E+000	0.00	0.000	0	0.00	0.00	0.00	0.00
219	0.00	0.000E+000	0.00	0.000	0	0.00	0.00	0.00	0.00
220	0.00	0.000E+000	0.00	0.000	0	0.00	0.00	0.00	0.00
221	0.00	0.000E+000	0.00	0.000	0	0.00	0.00	0.00	0.00
222	0.00	0.000E+000	0.00	0.000	0	0.00	0.00	0.00	0.00
223	0.00	0.000E+000	0.00	0.000	0	0.00	0.00	0.00	0.00
224	0.00	0.000E+000	0.00	0.000	0	0.00	0.00	0.00	0.00
225	0.00	0.000E+000	0.00	0.000	0	0.00	0.00	0.00	0.00
226	0.00	0.000E+000	0.00	0.000	0	0.00	0.00	0.00	0.00
227	0.00	0.000E+000	0.00	0.000	0	0.00	0.00	0.00	0.00
228	0.00	0.000E+000	0.00	0.000	0	0.00	0.00	0.00	0.00
229	0.00	0.000E+000	0.00	0.000	0	0.00	0.00	0.00	0.00
230	0.00	0.000E+000	0.00	0.000	0	0.00	0.00	0.00	0.00
231	0.00	0.000E+000	0.00	0.000	0	0.00	0.00	0.00	0.00
232	0.00	0.000E+000	0.00	0.000	0	0.00	0.00	0.00	0.00
233	0.00	0.000E+000	0.00	0.000	0	0.00	0.00	0.00	0.00
234	0.00	0.000E+000	0.00	0.000	0	0.00	0.00	0.00	0.00
235	0.00	0.000E+000	0.00	0.000	0	0.00	0.00	0.00	0.00
236	0.00	0.000E+000	0.00	0.000	0	0.00	0.00	0.00	0.00
237	0.00	0.000E+000	0.00	0.000	0	0.00	0.00	0.00	0.00
238	0.00	0.000E+000	0.00	0.000	0	0.00	0.00	0.00	0.00
239	0.00	0.000E+000	0.00	0.000	0	0.00	0.00	0.00	0.00
240	0.00	0.000E+000	0.00	0.000	0	0.00	0.00	0.00	0.00
241	0.00	0.000E+000	0.00	0.000	0	0.00	0.00	0.00	0.00
242	0.00	0.000E+000	0.00	0.000	0	0.00	0.00	0.00	0.00
243	0.00	0.000E+000	0.00	0.000	0	0.00	0.00	0.00	0.00
244	0.00	0.000E+000	0.00	0.000	0	0.00	0.00	0.00	0.00
245	0.00	0.000E+000	0.00	0.000	0	0.00	0.00	0.00	0.00
246	0.00	0.000E+000	0.00	0.000	0	0.00	0.00	0.00	0.00
247	0.00	0.000E+000	0.00	0.000	0	0.00	0.00	0.00	0.00
248	0.00	0.000E+000	0.00	0.000	0	0.00	0.00	0.00	0.00
249	0.00	0.000E+000	0.00	0.000	0	0.00	0.00	0.00	0.00
250	0.00	0.000E+000	0.00	0.000	0	0.00	0.00	0.00	0.00
251	0.00	0.000E+000	0.00	0.000	0	0.00	0.00	0.00	0.00
252	0.00	0.000E+000	0.00	0.000	0	0.00	0.00	0.00	0.00
253	0.00	0.000E+000	0.00	0.000	0	0.00	0.00	0.00	0.00
254	0.00	0.000E+000	0.00	0.000	0	0.00	0.00	0.00	0.00
255	0.00	0.000E+000	0.00	0.000	0	0.00	0.00	0.00	0.00
[END_OF_CALDATA]
