[Spectrum]
Version            = 1
IDData             = DLAB_2022-01-25_08-06-00_076_879
IDDevice           = SAM_874C
IDDataType         = SPECTRUM
IDDataTypeSub1     = BACK
IDDataTypeSub2     = 
IDDataTypeSub3     = 
DateTime           = 2022-01-25 07:59:44
PositionLatitude   = 0
PositionLongitude  = 0
Comment            = 
CommentSub1        = 
CommentSub2        = 
CommentSub3        = 
IDMethodType       = SAM Calibration Station
MethodName         = SAM Calibration Station_2
Mission            = 
MissionSub         = 0
RecordType         = 0

[Attributes]
CalFactor = 1
IDBasisSpec = 
IDDataBack = 
IDDataCal = 
IntegrationTime = 8192
P31 = -1
P31e = 0
PathLength = +INF
RAWDynamic = 65535
Temperature = +NAN
Unit1 = $05 $00 Pixel 
Unit2 = $03 $05 Intensity counts
Unit3 = $03 $05 Intensity counts
Unit4 = $f1 $00 Status 
[END] of [Attributes]
[DATA]
 0 12 0 0
 1 0.0196759853061146 0.0235247213274943 0
 2 0.0195775180645352 0.0236647310580053 0
 3 0.0195647160215347 0.0234793013961414 0
 4 0.0195368667711795 0.0231703629810023 0
 5 0.0195671023374248 0.023641961741319 0
 6 0.0195649786087552 0.0234439702636561 0
 7 0.019610496576756 0.0233514062541139 0
 8 0.0195749342411809 0.0235958432136678 0
 9 0.0195877329691268 0.0234559425842777 0
 10 0.0195545400252156 0.023541675990832 0
 11 0.0195826953074544 0.0234274183143764 0
 12 0.0195465120098078 0.0233437808712792 0
 13 0.0195897239211354 0.0238166474739036 0
 14 0.0195395912226399 0.0232291157675971 0
 15 0.0195919516378338 0.0233389071059988 0
 16 0.0195440358384901 0.0234569059908173 0
 17 0.0195831313243739 0.023310029523027 0
 18 0.0195489536347668 0.0234275918287993 0
 19 0.0195658738479766 0.0235839201194719 0
 20 0.0195458043328866 0.0237818929190229 0
 21 0.0195848708556618 0.0232183695690144 0
 22 0.0195471432659963 0.0233988537207007 0
 23 0.0195819543055106 0.0234422524010442 0
 24 0.0195194250475365 0.0234739517754113 0
 25 0.01956055807067 0.0234849866992008 0
 26 0.0195635068989846 0.0235336368965463 0
 27 0.0195906802271523 0.0233595785390483 0
 28 0.0195645966795687 0.0235006520491302 0
 29 0.0195909367076932 0.023723151304383 0
 30 0.0195270751467187 0.0234145675988088 0
 31 0.0195850104369086 0.0233151113659655 0
 32 0.0195296706600024 0.0233258912549743 0
 33 0.0195912310496473 0.0234832815795998 0
 34 0.0195550995715386 0.0234047987717091 0
 35 0.0195969271858514 0.0233604817217689 0
 36 0.0195039545600509 0.0235697862001587 0
 37 0.0195767231493348 0.0233939120508825 0
 38 0.019561798075571 0.0232690591717958 0
 39 0.0195907065731126 0.0234260794254186 0
 40 0.0195550875326561 0.023203604608817 0
 41 0.0195893714784873 0.0233854316643823 0
 42 0.0195599411215593 0.0236568452289744 0
 43 0.0195907784574547 0.0237182138240479 0
 44 0.0195507263166008 0.0235998679103835 0
 45 0.0195920277096133 0.0233657403958045 0
 46 0.0195605113109524 0.023423481247681 0
 47 0.0195941774352901 0.0235653540762164 0
 48 0.0195589985991905 0.0233752466819664 0
 49 0.019595271228835 0.0233767978380653 0
 50 0.0195496590434927 0.0233969288278014 0
 51 0.0195926570465596 0.0234857168911839 0
 52 0.0195567642523829 0.0232376301936471 0
 53 0.0195875501176935 0.023276665527395 0
 54 0.0195554954588498 0.0234519662411788 0
 55 0.0195809526355884 0.0236631902010522 0
 56 0.01955571547379 0.0233751208229131 0
 57 0.0195983425396936 0.0233582633904944 0
 58 0.0195605556279982 0.0234487557006689 0
 59 0.0196033590897025 0.0235272807525136 0
 60 0.0195636670684652 0.0235480948025486 0
 61 0.0195947715279716 0.0234748502449636 0
 62 0.019560077562228 0.0236143149935546 0
 63 0.0195953453813724 0.0233635777497422 0
 64 0.0195713688127088 0.0236532110269911 0
 65 0.0195998107599331 0.0236941881861322 0
 66 0.0195597727516804 0.0236625148214724 0
 67 0.0196062592390572 0.0234886844416769 0
 68 0.0195500657483505 0.0235250804011039 0
 69 0.0196069449319319 0.0233542355516664 0
 70 0.0195786673416257 0.0236387246674165 0
 71 0.0196007189104198 0.0234380217214118 0
 72 0.0195742077207915 0.0235084233656244 0
 73 0.0196113633762984 0.0234458696705335 0
 74 0.019562457596962 0.0237321991912746 0
 75 0.0196082491442064 0.023491592815722 0
 76 0.0195440543330053 0.0235960090473718 0
 77 0.0196049745681573 0.023603963130064 0
 78 0.0195721642513388 0.0234650758318865 0
 79 0.0195967544540585 0.0234158153665102 0
 80 0.0195733089920389 0.0235898758187497 0
 81 0.0196087059238365 0.0235018322614175 0
 82 0.019573027212397 0.0235490857898515 0
 83 0.0196123999415322 0.0235203358115509 0
 84 0.0195754205073493 0.0237212108754841 0
 85 0.0195917031832145 0.0234418276922001 0
 86 0.0195595302292641 0.0235440062162163 0
 87 0.0196145231467721 0.023572347370796 0
 88 0.0195702732743982 0.023627101644944 0
 89 0.0196084454303347 0.0235962979471403 0
 90 0.0195747356868574 0.0234425011516002 0
 91 0.0196111332417178 0.0234894310424687 0
 92 0.0195608267645701 0.0236747688848291 0
 93 0.0196170973739156 0.0235850456939177 0
 94 0.0195835715287309 0.0234540330528164 0
 95 0.0196193120048722 0.0235368189834838 0
 96 0.0195791159208575 0.0234152864442753 0
 97 0.0196008160938629 0.0233472616334458 0
 98 0.0195840167929081 0.0234624909208452 0
 99 0.0196125616813019 0.0237275156983494 0
 100 0.0195943642996842 0.0233772373846619 0
 101 0.0196027534815681 0.0237457680540616 0
 102 0.0195907318722136 0.0233227522847998 0
 103 0.0196078242937866 0.0234752770485492 0
 104 0.0195863935125875 0.0235164832327637 0
 105 0.0196205178123677 0.023575072978643 0
 106 0.0195967387511683 0.0234989996471909 0
 107 0.0196209369050611 0.023483632623367 0
 108 0.0196009015873766 0.0236020342222435 0
 109 0.019632261306088 0.0233618658222313 0
 110 0.0195899275352791 0.0236655584809075 0
 111 0.0196190843129634 0.0235765368538451 0
 112 0.0195996533820773 0.0235117683187155 0
 113 0.0196431051986728 0.0235640748873921 0
 114 0.0196053212530789 0.0234999614826743 0
 115 0.0196348531553639 0.02364821262459 0
 116 0.0195819848389083 0.0232320023214179 0
 117 0.0196286611567807 0.0237716988593938 0
 118 0.0196033112831255 0.0235602481437503 0
 119 0.0196481072671273 0.0234956670879872 0
 120 0.0195890687616583 0.0234937202003019 0
 121 0.0196461314945793 0.0233523424290136 0
 122 0.019591316543161 0.0232113607384351 0
 123 0.0196230738939491 0.0235116386193028 0
 124 0.0195976376543974 0.0236007429886554 0
 125 0.0196457928355793 0.0235115967244723 0
 126 0.0196110535059306 0.0234998501122499 0
 127 0.0196459671376612 0.0235344864887962 0
 128 0.0196032280578071 0.0234304448667558 0
 129 0.0196369404184327 0.0232664793230465 0
 130 0.0196138397220926 0.0237821495248597 0
 131 0.0196324694566222 0.0236296008461446 0
 132 0.0195951002418078 0.0234893615668748 0
 133 0.0196242547512968 0.0237581729388081 0
 134 0.0196049497924859 0.0233113102829074 0
 135 0.019637882766325 0.0235099135996573 0
 136 0.0195938560494694 0.0234820629637179 0
 137 0.0196399574670816 0.023444143778079 0
 138 0.0195985800022897 0.0236132718122755 0
 139 0.0196509693805923 0.0236502286387456 0
 140 0.0196103566465561 0.023447407559936 0
 141 0.0196515948790544 0.0236328490920019 0
 142 0.0196046503907116 0.0233413216447294 0
 143 0.0196425890970129 0.0234953307074107 0
 144 0.0196160124786751 0.023805945264893 0
 145 0.0196491839619696 0.0234675970278731 0
 146 0.0195968659445794 0.0237514050035041 0
 147 0.0196418425118192 0.0235999167876858 0
 148 0.0196062445830263 0.0233428600578174 0
 149 0.019634165543247 0.0236309720290342 0
 150 0.0196108910682546 0.0236170905260747 0
 151 0.0196494927854781 0.0235653387147785 0
 152 0.0196037174645535 0.0236702765370679 0
 153 0.0196325198803476 0.0237874356050968 0
 154 0.0196047501913031 0.0235844869216161 0
 155 0.0196389821431198 0.0236752873333564 0
 156 0.0196142623043172 0.0236324673253591 0
 157 0.0196385553734579 0.0235063279258527 0
 158 0.0195968987461724 0.0236165081879308 0
 159 0.0196326931355701 0.0236767552234797 0
 160 0.0196109376534957 0.0238656122316013 0
 161 0.0196389289277695 0.023571870118852 0
 162 0.0196191021095723 0.0238778539010707 0
 163 0.019633538823449 0.0235920698859349 0
 164 0.0196088200315057 0.0235807254640852 0
 165 0.0196399806724639 0.0238389084666466 0
 166 0.0195989484967812 0.0235071218328905 0
 167 0.0196464028056277 0.0236890356456673 0
 168 0.0196070784064992 0.0235569557337591 0
 169 0.0196414501140393 0.0235555733789147 0
 170 0.0196044600367864 0.0238567518240762 0
 171 0.0196398089875304 0.023432419684328 0
 172 0.019609319383416 0.0236973617195419 0
 173 0.0196415802735519 0.0235064331866143 0
 174 0.0196020594138185 0.0236226873263046 0
 175 0.0196461215494155 0.0239134948807399 0
 176 0.0196127075437048 0.023515996379921 0
 177 0.0196361620785055 0.0235021340787588 0
 178 0.0195968912436803 0.0238646709944097 0
 179 0.0196370503386646 0.0236068570154801 0
 180 0.0195861721018348 0.0235895273934095 0
 181 0.0196163394477457 0.0236105617404281 0
 182 0.019597109513855 0.0236943376110277 0
 183 0.0196257590881838 0.0236624223037217 0
 184 0.0195885708055605 0.0236814439532588 0
 185 0.0196333011863764 0.0237483040878006 0
 186 0.0195809730493458 0.0237564727069373 0
 187 0.0196329037287762 0.0235799762448666 0
 188 0.0195978740701342 0.023530396156846 0
 189 0.0196422851588481 0.0234595553151604 0
 190 0.0195905650726237 0.0236804877037528 0
 191 0.0196282462515247 0.0234881103079375 0
 192 0.0195907058752064 0.0236445885471908 0
 193 0.0196334412910528 0.0236007765045198 0
 194 0.0195781453077628 0.0234956217019208 0
 195 0.0196309761117583 0.0233397519850804 0
 196 0.0195907025601518 0.0236598915068365 0
 197 0.0196333189829853 0.0236899047888382 0
 198 0.019587715870424 0.0234609015357135 0
 199 0.0196306383251412 0.0234780052748231 0
 200 0.019599662978288 0.0235526913637006 0
 201 0.0196286838387333 0.0236559965095334 0
 202 0.0195922369070069 0.0237155212083799 0
 203 0.0196386698300802 0.0234106069662713 0
 204 0.0195927292798548 0.0236108703656794 0
 205 0.0196263941828566 0.0235151720991311 0
 206 0.019576601364697 0.0235202466104743 0
 207 0.0196334067446943 0.0237757670219962 0
 208 0.0195728211555814 0.0235818864745752 0
 209 0.0196401684092408 0.0235677707096885 0
 210 0.0195801608609662 0.0235526346311176 0
 211 0.0196238133256039 0.0235378504691229 0
 212 0.0195939279338115 0.0235938621118709 0
 213 0.0196362871781979 0.0236181183459161 0
 214 0.0195952328439922 0.0236672833259912 0
 215 0.0196205783557335 0.023687951093243 0
 216 0.0195848853372161 0.0237697116479342 0
 217 0.0196035007646679 0.0236287702811301 0
 218 0.0195782028850271 0.0237468849004178 0
 219 0.019636148818287 0.0235805207031012 0
 220 0.0195948915678438 0.0235899360425686 0
 221 0.0196074812728727 0.0235849633007511 0
 222 0.0195838533083728 0.0237791612015131 0
 223 0.0196289553242583 0.0238848683176274 0
 224 0.0195892624306382 0.0234543767649882 0
 225 0.0196106509885102 0.0236092369909756 0
 226 0.0196025202064094 0.0239382121324822 0
 227 0.019617105923267 0.0233721750926443 0
 228 0.0195848274109987 0.0234258992776475 0
 229 0.0196266478717726 0.0235982540866007 0
 230 0.0195551170191945 0.0234790308253611 0
 231 0.0196210969000652 0.0236803360095541 0
 232 0.0195859260898874 0.0236657047636906 0
 233 0.0196172160179754 0.0236486224956816 0
 234 0.0195952468021169 0.0236461383067954 0
 235 0.0196324179860375 0.023587230334766 0
 236 0.0195852943102692 0.0234035860909282 0
 237 0.0196300925624663 0.0236490803712666 0
 238 0.0195861707060223 0.0235924052191406 0
 239 0.019619183241172 0.0237052131598995 0
 240 0.0195902197835145 0.0235602476200649 0
 241 0.0196378203037171 0.023737689857934 0
 242 0.0195934845888764 0.0234556180739032 0
 243 0.0196252635747578 0.0234484200183396 0
 244 0.0195949842148964 0.0237530310466125 0
 245 0.019635113125436 0.0233724632941657 0
 246 0.0195732489721028 0.0233720349195239 0
 247 0.0196480833638388 0.0236991651174328 0
 248 0.01961716559425 0.0235976530703449 0
 249 0.0196580295745304 0.0237414139592411 0
 250 0.0196088092139591 0.0232955522406655 0
 251 0.0196738753610932 0.0232865036555267 0
 252 0.0196540773315282 0.0234461849291329 0
 253 0.019711120348598 0.0235845914841305 0
 254 0.019744908083097 0.0235094869706335 0
 255 0.0202532368123429 0.0246304805658918 0
[END] of [DATA]
[END] of [Spectrum]

