!FRM4SOC_CP
!RADCAL
# radiometric calibration coefs & linearity, lamp and panel data

# comments start with # (ignored by the processor)
# no empty lines between the parameter signatures in [] and the parameter values
# parameters are case insensitive
# parameters can be inserted in any order, except the first two signatures
# columns are tab- or space-delimited

[VERSION]
0.1

[CALDATE]
2022-06-06 10:38:28

[CALLAB]
Tartu Observatory

[USER]
Riho Vendt

[LAMP_ID]
TO_717

[PANEL_ID]
SG3151_2019

[DEVICE]
SAM_874C

[LAMP_CCT]
2990.7

[LAMPDATA]
300.00	0.00	1.5637	2.31
300.50	0.00	1.5923	2.29
301.00	0.00	1.6214	2.27
301.50	0.00	1.6508	2.25
302.00	0.00	1.6807	2.23
302.50	0.00	1.7109	2.21
303.00	0.00	1.7416	2.19
303.50	0.00	1.7726	2.17
304.00	0.00	1.8041	2.15
304.50	0.00	1.8360	2.13
305.00	0.00	1.8684	2.11
305.50	0.00	1.9011	2.09
306.00	0.00	1.9343	2.08
306.50	0.00	1.9679	2.06
307.00	0.00	2.0020	2.04
307.50	0.00	2.0365	2.02
308.00	0.00	2.0714	2.00
308.50	0.00	2.1068	1.98
309.00	0.00	2.1426	1.96
309.50	0.00	2.1789	1.94
310.00	0.00	2.2156	1.92
310.50	0.00	2.2528	1.90
311.00	0.00	2.2905	1.88
311.50	0.00	2.3286	1.86
312.00	0.00	2.3672	1.84
312.50	0.00	2.4063	1.82
313.00	0.00	2.4458	1.80
313.50	0.00	2.4859	1.78
314.00	0.00	2.5264	1.76
314.50	0.00	2.5674	1.74
315.00	0.00	2.6088	1.72
315.50	0.00	2.6508	1.72
316.00	0.00	2.6933	1.72
316.50	0.00	2.7363	1.72
317.00	0.00	2.7797	1.72
317.50	0.00	2.8237	1.72
318.00	0.00	2.8682	1.72
318.50	0.00	2.9132	1.72
319.00	0.00	2.9587	1.72
319.50	0.00	3.0047	1.72
320.00	0.00	3.0513	1.72
320.50	0.00	3.0983	1.72
321.00	0.00	3.1459	1.72
321.50	0.00	3.1941	1.72
322.00	0.00	3.2427	1.72
322.50	0.00	3.2919	1.72
323.00	0.00	3.3417	1.72
323.50	0.00	3.3919	1.72
324.00	0.00	3.4428	1.72
324.50	0.00	3.4942	1.72
325.00	0.00	3.5461	1.72
325.50	0.00	3.5986	1.72
326.00	0.00	3.6516	1.72
326.50	0.00	3.7052	1.72
327.00	0.00	3.7594	1.72
327.50	0.00	3.8141	1.72
328.00	0.00	3.8694	1.72
328.50	0.00	3.9253	1.72
329.00	0.00	3.9817	1.72
329.50	0.00	4.0388	1.72
330.00	0.00	4.0964	1.72
330.50	0.00	4.1546	1.72
331.00	0.00	4.2134	1.72
331.50	0.00	4.2727	1.72
332.00	0.00	4.3327	1.72
332.50	0.00	4.3933	1.72
333.00	0.00	4.4544	1.72
333.50	0.00	4.5162	1.72
334.00	0.00	4.5786	1.72
334.50	0.00	4.6416	1.72
335.00	0.00	4.7051	1.72
335.50	0.00	4.7693	1.72
336.00	0.00	4.8342	1.72
336.50	0.00	4.8996	1.72
337.00	0.00	4.9656	1.72
337.50	0.00	5.0323	1.72
338.00	0.00	5.0996	1.72
338.50	0.00	5.1676	1.72
339.00	0.00	5.2361	1.72
339.50	0.00	5.3053	1.72
340.00	0.00	5.3752	1.72
340.50	0.00	5.4457	1.72
341.00	0.00	5.5168	1.72
341.50	0.00	5.5885	1.72
342.00	0.00	5.6609	1.72
342.50	0.00	5.7340	1.72
343.00	0.00	5.8077	1.72
343.50	0.00	5.8821	1.72
344.00	0.00	5.9571	1.72
344.50	0.00	6.0328	1.72
345.00	0.00	6.1091	1.72
345.50	0.00	6.1862	1.72
346.00	0.00	6.2638	1.72
346.50	0.00	6.3422	1.72
347.00	0.00	6.4212	1.72
347.50	0.00	6.5009	1.72
348.00	0.00	6.5812	1.72
348.50	0.00	6.6623	1.72
349.00	0.00	6.7440	1.72
349.50	0.00	6.8264	1.72
350.00	0.00	6.9095	1.72
350.50	0.00	6.9933	1.72
351.00	0.00	7.0778	1.72
351.50	0.00	7.1629	1.72
352.00	0.00	7.2488	1.72
352.50	0.00	7.3353	1.72
353.00	0.00	7.4226	1.72
353.50	0.00	7.5105	1.72
354.00	0.00	7.5992	1.72
354.50	0.00	7.6885	1.72
355.00	0.00	7.7786	1.72
355.50	0.00	7.8693	1.72
356.00	0.00	7.9608	1.72
356.50	0.00	8.0530	1.72
357.00	0.00	8.1459	1.72
357.50	0.00	8.2395	1.72
358.00	0.00	8.3338	1.72
358.50	0.00	8.4289	1.72
359.00	0.00	8.5246	1.72
359.50	0.00	8.6211	1.72
360.00	0.00	8.7183	1.72
360.50	0.00	8.8163	1.72
361.00	0.00	8.9150	1.72
361.50	0.00	9.0144	1.72
362.00	0.00	9.1145	1.72
362.50	0.00	9.2154	1.72
363.00	0.00	9.3170	1.72
363.50	0.00	9.4193	1.72
364.00	0.00	9.5224	1.72
364.50	0.00	9.6262	1.72
365.00	0.00	9.7307	1.72
365.50	0.00	9.8360	1.72
366.00	0.00	9.9420	1.72
366.50	0.00	10.0488	1.72
367.00	0.00	10.1564	1.72
367.50	0.00	10.2646	1.72
368.00	0.00	10.3737	1.72
368.50	0.00	10.4834	1.72
369.00	0.00	10.5940	1.72
369.50	0.00	10.7052	1.72
370.00	0.00	10.8173	1.72
370.50	0.00	10.9301	1.72
371.00	0.00	11.0436	1.72
371.50	0.00	11.1579	1.72
372.00	0.00	11.2730	1.72
372.50	0.00	11.3888	1.72
373.00	0.00	11.5054	1.72
373.50	0.00	11.6228	1.72
374.00	0.00	11.7409	1.72
374.50	0.00	11.8597	1.72
375.00	0.00	11.9794	1.72
375.50	0.00	12.0998	1.72
376.00	0.00	12.2210	1.72
376.50	0.00	12.3429	1.72
377.00	0.00	12.4657	1.72
377.50	0.00	12.5891	1.72
378.00	0.00	12.7134	1.72
378.50	0.00	12.8384	1.72
379.00	0.00	12.9642	1.72
379.50	0.00	13.0908	1.72
380.00	0.00	13.2182	1.72
380.50	0.00	13.3463	1.71
381.00	0.00	13.4752	1.71
381.50	0.00	13.6049	1.71
382.00	0.00	13.7354	1.70
382.50	0.00	13.8666	1.70
383.00	0.00	13.9986	1.69
383.50	0.00	14.1314	1.69
384.00	0.00	14.2650	1.69
384.50	0.00	14.3994	1.68
385.00	0.00	14.5345	1.68
385.50	0.00	14.6705	1.67
386.00	0.00	14.8072	1.67
386.50	0.00	14.9447	1.66
387.00	0.00	15.0829	1.66
387.50	0.00	15.2220	1.66
388.00	0.00	15.3618	1.65
388.50	0.00	15.5025	1.65
389.00	0.00	15.6439	1.64
389.50	0.00	15.7861	1.64
390.00	0.00	15.9291	1.64
390.50	0.00	16.0728	1.63
391.00	0.00	16.2174	1.63
391.50	0.00	16.3627	1.62
392.00	0.00	16.5089	1.62
392.50	0.00	16.6558	1.62
393.00	0.00	16.8035	1.61
393.50	0.00	16.9520	1.61
394.00	0.00	17.1012	1.60
394.50	0.00	17.2513	1.60
395.00	0.00	17.4022	1.59
395.50	0.00	17.5538	1.59
396.00	0.00	17.7062	1.59
396.50	0.00	17.8594	1.58
397.00	0.00	18.0134	1.58
397.50	0.00	18.1682	1.57
398.00	0.00	18.3238	1.57
398.50	0.00	18.4801	1.57
399.00	0.00	18.6373	1.56
399.50	0.00	18.7952	1.56
400.00	0.00	18.9539	1.55
400.50	0.00	19.1134	1.55
401.00	0.00	19.2737	1.55
401.50	0.00	19.4348	1.54
402.00	0.00	19.5966	1.54
402.50	0.00	19.7593	1.53
403.00	0.00	19.9227	1.53
403.50	0.00	20.0869	1.52
404.00	0.00	20.2519	1.52
404.50	0.00	20.4177	1.52
405.00	0.00	20.5842	1.51
405.50	0.00	20.7516	1.51
406.00	0.00	20.9197	1.50
406.50	0.00	21.0886	1.50
407.00	0.00	21.2583	1.50
407.50	0.00	21.4287	1.49
408.00	0.00	21.6000	1.49
408.50	0.00	21.7720	1.48
409.00	0.00	21.9448	1.48
409.50	0.00	22.1184	1.48
410.00	0.00	22.2927	1.47
410.50	0.00	22.4678	1.47
411.00	0.00	22.6437	1.46
411.50	0.00	22.8204	1.46
412.00	0.00	22.9979	1.45
412.50	0.00	23.1761	1.45
413.00	0.00	23.3551	1.45
413.50	0.00	23.5348	1.44
414.00	0.00	23.7154	1.44
414.50	0.00	23.8967	1.43
415.00	0.00	24.0788	1.43
415.50	0.00	24.2616	1.43
416.00	0.00	24.4452	1.42
416.50	0.00	24.6296	1.42
417.00	0.00	24.8147	1.41
417.50	0.00	25.0006	1.41
418.00	0.00	25.1873	1.41
418.50	0.00	25.3747	1.40
419.00	0.00	25.5629	1.40
419.50	0.00	25.7518	1.39
420.00	0.00	25.9415	1.39
420.50	0.00	26.1319	1.39
421.00	0.00	26.3231	1.38
421.50	0.00	26.5151	1.38
422.00	0.00	26.7078	1.37
422.50	0.00	26.9013	1.37
423.00	0.00	27.0955	1.36
423.50	0.00	27.2905	1.36
424.00	0.00	27.4862	1.36
424.50	0.00	27.6826	1.35
425.00	0.00	27.8798	1.35
425.50	0.00	28.0778	1.34
426.00	0.00	28.2764	1.34
426.50	0.00	28.4759	1.34
427.00	0.00	28.6760	1.33
427.50	0.00	28.8769	1.33
428.00	0.00	29.0786	1.32
428.50	0.00	29.2809	1.32
429.00	0.00	29.4840	1.32
429.50	0.00	29.6879	1.31
430.00	0.00	29.8924	1.31
430.50	0.00	30.0977	1.30
431.00	0.00	30.3037	1.30
431.50	0.00	30.5105	1.30
432.00	0.00	30.7179	1.29
432.50	0.00	30.9261	1.29
433.00	0.00	31.1350	1.28
433.50	0.00	31.3446	1.28
434.00	0.00	31.5550	1.27
434.50	0.00	31.7660	1.27
435.00	0.00	31.9778	1.27
435.50	0.00	32.1902	1.26
436.00	0.00	32.4034	1.26
436.50	0.00	32.6173	1.25
437.00	0.00	32.8319	1.25
437.50	0.00	33.0472	1.25
438.00	0.00	33.2632	1.24
438.50	0.00	33.4799	1.24
439.00	0.00	33.6972	1.23
439.50	0.00	33.9153	1.23
440.00	0.00	34.1341	1.23
440.50	0.00	34.3536	1.23
441.00	0.00	34.5737	1.23
441.50	0.00	34.7945	1.23
442.00	0.00	35.0161	1.23
442.50	0.00	35.2383	1.23
443.00	0.00	35.4611	1.23
443.50	0.00	35.6847	1.23
444.00	0.00	35.9089	1.23
444.50	0.00	36.1338	1.23
445.00	0.00	36.3594	1.23
445.50	0.00	36.5857	1.23
446.00	0.00	36.8126	1.23
446.50	0.00	37.0402	1.23
447.00	0.00	37.2684	1.23
447.50	0.00	37.4973	1.23
448.00	0.00	37.7269	1.23
448.50	0.00	37.9571	1.23
449.00	0.00	38.1879	1.23
449.50	0.00	38.4195	1.23
450.00	0.00	38.6516	1.23
450.50	0.00	38.8844	1.23
451.00	0.00	39.1179	1.23
451.50	0.00	39.3520	1.23
452.00	0.00	39.5867	1.23
452.50	0.00	39.8220	1.23
453.00	0.00	40.0580	1.23
453.50	0.00	40.2947	1.23
454.00	0.00	40.5319	1.23
454.50	0.00	40.7698	1.23
455.00	0.00	41.0083	1.23
455.50	0.00	41.2474	1.23
456.00	0.00	41.4872	1.23
456.50	0.00	41.7275	1.23
457.00	0.00	41.9685	1.23
457.50	0.00	42.2101	1.23
458.00	0.00	42.4522	1.23
458.50	0.00	42.6950	1.23
459.00	0.00	42.9384	1.23
459.50	0.00	43.1824	1.23
460.00	0.00	43.4270	1.23
460.50	0.00	43.6722	1.23
461.00	0.00	43.9179	1.23
461.50	0.00	44.1643	1.23
462.00	0.00	44.4112	1.23
462.50	0.00	44.6587	1.23
463.00	0.00	44.9068	1.23
463.50	0.00	45.1555	1.23
464.00	0.00	45.4047	1.23
464.50	0.00	45.6546	1.23
465.00	0.00	45.9049	1.23
465.50	0.00	46.1559	1.23
466.00	0.00	46.4074	1.23
466.50	0.00	46.6595	1.23
467.00	0.00	46.9121	1.23
467.50	0.00	47.1653	1.23
468.00	0.00	47.4190	1.23
468.50	0.00	47.6733	1.23
469.00	0.00	47.9281	1.23
469.50	0.00	48.1834	1.23
470.00	0.00	48.4393	1.23
470.50	0.00	48.6958	1.23
471.00	0.00	48.9527	1.23
471.50	0.00	49.2102	1.23
472.00	0.00	49.4682	1.23
472.50	0.00	49.7268	1.23
473.00	0.00	49.9858	1.23
473.50	0.00	50.2454	1.23
474.00	0.00	50.5055	1.23
474.50	0.00	50.7661	1.23
475.00	0.00	51.0272	1.23
475.50	0.00	51.2888	1.23
476.00	0.00	51.5509	1.23
476.50	0.00	51.8135	1.23
477.00	0.00	52.0766	1.23
477.50	0.00	52.3402	1.23
478.00	0.00	52.6043	1.23
478.50	0.00	52.8688	1.23
479.00	0.00	53.1339	1.23
479.50	0.00	53.3994	1.23
480.00	0.00	53.6654	1.23
480.50	0.00	53.9318	1.23
481.00	0.00	54.1988	1.23
481.50	0.00	54.4662	1.23
482.00	0.00	54.7340	1.23
482.50	0.00	55.0023	1.23
483.00	0.00	55.2711	1.23
483.50	0.00	55.5403	1.23
484.00	0.00	55.8100	1.23
484.50	0.00	56.0801	1.23
485.00	0.00	56.3507	1.23
485.50	0.00	56.6216	1.23
486.00	0.00	56.8931	1.23
486.50	0.00	57.1649	1.23
487.00	0.00	57.4372	1.23
487.50	0.00	57.7099	1.23
488.00	0.00	57.9830	1.23
488.50	0.00	58.2566	1.23
489.00	0.00	58.5305	1.23
489.50	0.00	58.8049	1.23
490.00	0.00	59.0797	1.23
490.50	0.00	59.3549	1.23
491.00	0.00	59.6304	1.23
491.50	0.00	59.9064	1.23
492.00	0.00	60.1828	1.23
492.50	0.00	60.4595	1.23
493.00	0.00	60.7367	1.23
493.50	0.00	61.0142	1.23
494.00	0.00	61.2921	1.23
494.50	0.00	61.5704	1.23
495.00	0.00	61.8490	1.23
495.50	0.00	62.1280	1.23
496.00	0.00	62.4074	1.23
496.50	0.00	62.6871	1.23
497.00	0.00	62.9672	1.23
497.50	0.00	63.2477	1.23
498.00	0.00	63.5285	1.23
498.50	0.00	63.8096	1.23
499.00	0.00	64.0911	1.23
499.50	0.00	64.3730	1.23
500.00	0.00	64.6551	1.23
500.50	0.00	64.9376	1.23
501.00	0.00	65.2205	1.23
501.50	0.00	65.5036	1.23
502.00	0.00	65.7871	1.23
502.50	0.00	66.0709	1.23
503.00	0.00	66.3550	1.23
503.50	0.00	66.6394	1.23
504.00	0.00	66.9241	1.23
504.50	0.00	67.2092	1.23
505.00	0.00	67.4945	1.23
505.50	0.00	67.7801	1.23
506.00	0.00	68.0660	1.23
506.50	0.00	68.3522	1.23
507.00	0.00	68.6387	1.23
507.50	0.00	68.9255	1.23
508.00	0.00	69.2125	1.23
508.50	0.00	69.4999	1.23
509.00	0.00	69.7875	1.23
509.50	0.00	70.0753	1.23
510.00	0.00	70.3634	1.23
510.50	0.00	70.6518	1.23
511.00	0.00	70.9405	1.23
511.50	0.00	71.2293	1.23
512.00	0.00	71.5185	1.23
512.50	0.00	71.8079	1.23
513.00	0.00	72.0975	1.23
513.50	0.00	72.3873	1.23
514.00	0.00	72.6774	1.23
514.50	0.00	72.9678	1.23
515.00	0.00	73.2583	1.23
515.50	0.00	73.5491	1.23
516.00	0.00	73.8401	1.23
516.50	0.00	74.1313	1.23
517.00	0.00	74.4227	1.23
517.50	0.00	74.7143	1.23
518.00	0.00	75.0062	1.23
518.50	0.00	75.2982	1.23
519.00	0.00	75.5904	1.23
519.50	0.00	75.8828	1.23
520.00	0.00	76.1754	1.23
520.50	0.00	76.4682	1.23
521.00	0.00	76.7612	1.23
521.50	0.00	77.0544	1.23
522.00	0.00	77.3477	1.23
522.50	0.00	77.6412	1.23
523.00	0.00	77.9349	1.23
523.50	0.00	78.2287	1.23
524.00	0.00	78.5227	1.23
524.50	0.00	78.8168	1.23
525.00	0.00	79.1111	1.23
525.50	0.00	79.4056	1.23
526.00	0.00	79.7002	1.23
526.50	0.00	79.9949	1.23
527.00	0.00	80.2898	1.23
527.50	0.00	80.5848	1.23
528.00	0.00	80.8799	1.23
528.50	0.00	81.1752	1.23
529.00	0.00	81.4706	1.23
529.50	0.00	81.7661	1.23
530.00	0.00	82.0617	1.23
530.50	0.00	82.3574	1.23
531.00	0.00	82.6533	1.23
531.50	0.00	82.9492	1.23
532.00	0.00	83.2453	1.23
532.50	0.00	83.5414	1.23
533.00	0.00	83.8376	1.23
533.50	0.00	84.1340	1.23
534.00	0.00	84.4304	1.23
534.50	0.00	84.7269	1.23
535.00	0.00	85.0235	1.23
535.50	0.00	85.3201	1.23
536.00	0.00	85.6168	1.23
536.50	0.00	85.9136	1.23
537.00	0.00	86.2105	1.23
537.50	0.00	86.5074	1.23
538.00	0.00	86.8044	1.23
538.50	0.00	87.1014	1.23
539.00	0.00	87.3985	1.23
539.50	0.00	87.6957	1.23
540.00	0.00	87.9928	1.23
540.50	0.00	88.2900	1.23
541.00	0.00	88.5873	1.23
541.50	0.00	88.8846	1.23
542.00	0.00	89.1819	1.23
542.50	0.00	89.4792	1.23
543.00	0.00	89.7766	1.23
543.50	0.00	90.0740	1.23
544.00	0.00	90.3714	1.23
544.50	0.00	90.6688	1.23
545.00	0.00	90.9662	1.23
545.50	0.00	91.2636	1.23
546.00	0.00	91.5611	1.23
546.50	0.00	91.8585	1.23
547.00	0.00	92.1559	1.23
547.50	0.00	92.4533	1.23
548.00	0.00	92.7507	1.23
548.50	0.00	93.0481	1.23
549.00	0.00	93.3454	1.23
549.50	0.00	93.6428	1.23
550.00	0.00	93.9401	1.23
550.50	0.00	94.2374	1.23
551.00	0.00	94.5346	1.23
551.50	0.00	94.8318	1.23
552.00	0.00	95.1290	1.23
552.50	0.00	95.4261	1.23
553.00	0.00	95.7232	1.23
553.50	0.00	96.0202	1.23
554.00	0.00	96.3172	1.23
554.50	0.00	96.6141	1.23
555.00	0.00	96.9110	1.23
555.50	0.00	97.2078	1.23
556.00	0.00	97.5045	1.23
556.50	0.00	97.8012	1.23
557.00	0.00	98.0978	1.23
557.50	0.00	98.3943	1.23
558.00	0.00	98.6907	1.23
558.50	0.00	98.9871	1.23
559.00	0.00	99.2833	1.23
559.50	0.00	99.5795	1.23
560.00	0.00	99.8756	1.23
560.50	0.00	100.1716	1.23
561.00	0.00	100.4675	1.23
561.50	0.00	100.7632	1.23
562.00	0.00	101.0589	1.23
562.50	0.00	101.3545	1.23
563.00	0.00	101.6500	1.23
563.50	0.00	101.9453	1.23
564.00	0.00	102.2405	1.23
564.50	0.00	102.5356	1.23
565.00	0.00	102.8306	1.23
565.50	0.00	103.1255	1.23
566.00	0.00	103.4202	1.23
566.50	0.00	103.7148	1.23
567.00	0.00	104.0092	1.23
567.50	0.00	104.3035	1.23
568.00	0.00	104.5977	1.23
568.50	0.00	104.8917	1.23
569.00	0.00	105.1856	1.23
569.50	0.00	105.4793	1.23
570.00	0.00	105.7729	1.23
570.50	0.00	106.0663	1.23
571.00	0.00	106.3595	1.23
571.50	0.00	106.6526	1.23
572.00	0.00	106.9455	1.23
572.50	0.00	107.2383	1.23
573.00	0.00	107.5308	1.23
573.50	0.00	107.8232	1.23
574.00	0.00	108.1155	1.23
574.50	0.00	108.4075	1.23
575.00	0.00	108.6994	1.23
575.50	0.00	108.9910	1.23
576.00	0.00	109.2825	1.23
576.50	0.00	109.5738	1.23
577.00	0.00	109.8649	1.23
577.50	0.00	110.1558	1.23
578.00	0.00	110.4464	1.23
578.50	0.00	110.7369	1.23
579.00	0.00	111.0272	1.23
579.50	0.00	111.3173	1.23
580.00	0.00	111.6071	1.23
580.50	0.00	111.8967	1.23
581.00	0.00	112.1862	1.23
581.50	0.00	112.4754	1.23
582.00	0.00	112.7643	1.23
582.50	0.00	113.0531	1.23
583.00	0.00	113.3416	1.23
583.50	0.00	113.6299	1.23
584.00	0.00	113.9180	1.23
584.50	0.00	114.2058	1.23
585.00	0.00	114.4933	1.23
585.50	0.00	114.7807	1.23
586.00	0.00	115.0678	1.23
586.50	0.00	115.3546	1.23
587.00	0.00	115.6412	1.23
587.50	0.00	115.9276	1.23
588.00	0.00	116.2137	1.23
588.50	0.00	116.4995	1.23
589.00	0.00	116.7851	1.23
589.50	0.00	117.0704	1.23
590.00	0.00	117.3554	1.23
590.50	0.00	117.6402	1.23
591.00	0.00	117.9247	1.23
591.50	0.00	118.2089	1.23
592.00	0.00	118.4929	1.23
592.50	0.00	118.7766	1.23
593.00	0.00	119.0600	1.23
593.50	0.00	119.3431	1.23
594.00	0.00	119.6260	1.23
594.50	0.00	119.9085	1.23
595.00	0.00	120.1908	1.23
595.50	0.00	120.4728	1.23
596.00	0.00	120.7544	1.23
596.50	0.00	121.0358	1.23
597.00	0.00	121.3169	1.23
597.50	0.00	121.5977	1.23
598.00	0.00	121.8782	1.23
598.50	0.00	122.1584	1.23
599.00	0.00	122.4383	1.23
599.50	0.00	122.7178	1.23
600.00	0.00	122.9971	1.23
600.50	0.00	123.2760	1.23
601.00	0.00	123.5547	1.23
601.50	0.00	123.8330	1.23
602.00	0.00	124.1110	1.23
602.50	0.00	124.3887	1.23
603.00	0.00	124.6660	1.23
603.50	0.00	124.9430	1.23
604.00	0.00	125.2197	1.23
604.50	0.00	125.4961	1.23
605.00	0.00	125.7721	1.23
605.50	0.00	126.0478	1.23
606.00	0.00	126.3232	1.23
606.50	0.00	126.5982	1.23
607.00	0.00	126.8729	1.23
607.50	0.00	127.1473	1.23
608.00	0.00	127.4213	1.23
608.50	0.00	127.6949	1.23
609.00	0.00	127.9682	1.23
609.50	0.00	128.2412	1.23
610.00	0.00	128.5138	1.23
610.50	0.00	128.7861	1.23
611.00	0.00	129.0580	1.23
611.50	0.00	129.3295	1.23
612.00	0.00	129.6007	1.23
612.50	0.00	129.8715	1.23
613.00	0.00	130.1420	1.23
613.50	0.00	130.4121	1.23
614.00	0.00	130.6819	1.23
614.50	0.00	130.9512	1.23
615.00	0.00	131.2202	1.23
615.50	0.00	131.4889	1.23
616.00	0.00	131.7571	1.23
616.50	0.00	132.0250	1.23
617.00	0.00	132.2925	1.23
617.50	0.00	132.5597	1.23
618.00	0.00	132.8264	1.23
618.50	0.00	133.0928	1.23
619.00	0.00	133.3588	1.23
619.50	0.00	133.6244	1.23
620.00	0.00	133.8897	1.23
620.50	0.00	134.1545	1.23
621.00	0.00	134.4190	1.23
621.50	0.00	134.6830	1.23
622.00	0.00	134.9467	1.23
622.50	0.00	135.2100	1.23
623.00	0.00	135.4729	1.23
623.50	0.00	135.7354	1.23
624.00	0.00	135.9975	1.23
624.50	0.00	136.2592	1.23
625.00	0.00	136.5205	1.23
625.50	0.00	136.7814	1.23
626.00	0.00	137.0419	1.23
626.50	0.00	137.3020	1.23
627.00	0.00	137.5617	1.23
627.50	0.00	137.8209	1.23
628.00	0.00	138.0798	1.23
628.50	0.00	138.3383	1.23
629.00	0.00	138.5963	1.23
629.50	0.00	138.8540	1.23
630.00	0.00	139.1112	1.23
630.50	0.00	139.3681	1.23
631.00	0.00	139.6245	1.23
631.50	0.00	139.8805	1.23
632.00	0.00	140.1360	1.23
632.50	0.00	140.3912	1.23
633.00	0.00	140.6459	1.23
633.50	0.00	140.9002	1.23
634.00	0.00	141.1541	1.23
634.50	0.00	141.4076	1.23
635.00	0.00	141.6606	1.23
635.50	0.00	141.9133	1.23
636.00	0.00	142.1655	1.23
636.50	0.00	142.4172	1.23
637.00	0.00	142.6686	1.23
637.50	0.00	142.9195	1.23
638.00	0.00	143.1700	1.23
638.50	0.00	143.4200	1.23
639.00	0.00	143.6696	1.23
639.50	0.00	143.9188	1.23
640.00	0.00	144.1676	1.23
640.50	0.00	144.4159	1.23
641.00	0.00	144.6638	1.23
641.50	0.00	144.9112	1.23
642.00	0.00	145.1582	1.23
642.50	0.00	145.4048	1.23
643.00	0.00	145.6509	1.23
643.50	0.00	145.8966	1.23
644.00	0.00	146.1418	1.23
644.50	0.00	146.3866	1.23
645.00	0.00	146.6310	1.23
645.50	0.00	146.8749	1.23
646.00	0.00	147.1184	1.23
646.50	0.00	147.3614	1.23
647.00	0.00	147.6040	1.23
647.50	0.00	147.8461	1.23
648.00	0.00	148.0878	1.23
648.50	0.00	148.3291	1.23
649.00	0.00	148.5699	1.23
649.50	0.00	148.8102	1.23
650.00	0.00	149.0501	1.23
650.50	0.00	149.2895	1.23
651.00	0.00	149.5285	1.23
651.50	0.00	149.7671	1.23
652.00	0.00	150.0052	1.23
652.50	0.00	150.2428	1.23
653.00	0.00	150.4800	1.23
653.50	0.00	150.7167	1.23
654.00	0.00	150.9530	1.23
654.50	0.00	151.1888	1.23
655.00	0.00	151.4241	1.23
655.50	0.00	151.6590	1.23
656.00	0.00	151.8935	1.23
656.50	0.00	152.1274	1.23
657.00	0.00	152.3610	1.23
657.50	0.00	152.5940	1.23
658.00	0.00	152.8267	1.23
658.50	0.00	153.0588	1.23
659.00	0.00	153.2905	1.23
659.50	0.00	153.5217	1.23
660.00	0.00	153.7525	1.23
660.50	0.00	153.9828	1.23
661.00	0.00	154.2126	1.23
661.50	0.00	154.4420	1.23
662.00	0.00	154.6709	1.23
662.50	0.00	154.8994	1.23
663.00	0.00	155.1274	1.23
663.50	0.00	155.3549	1.23
664.00	0.00	155.5820	1.23
664.50	0.00	155.8086	1.23
665.00	0.00	156.0347	1.23
665.50	0.00	156.2604	1.23
666.00	0.00	156.4856	1.23
666.50	0.00	156.7103	1.23
667.00	0.00	156.9346	1.23
667.50	0.00	157.1584	1.23
668.00	0.00	157.3817	1.23
668.50	0.00	157.6046	1.23
669.00	0.00	157.8270	1.23
669.50	0.00	158.0489	1.23
670.00	0.00	158.2704	1.23
670.50	0.00	158.4914	1.23
671.00	0.00	158.7120	1.23
671.50	0.00	158.9320	1.23
672.00	0.00	159.1516	1.23
672.50	0.00	159.3708	1.23
673.00	0.00	159.5894	1.23
673.50	0.00	159.8076	1.23
674.00	0.00	160.0253	1.23
674.50	0.00	160.2426	1.23
675.00	0.00	160.4594	1.23
675.50	0.00	160.6757	1.23
676.00	0.00	160.8915	1.23
676.50	0.00	161.1069	1.23
677.00	0.00	161.3218	1.23
677.50	0.00	161.5363	1.23
678.00	0.00	161.7502	1.23
678.50	0.00	161.9637	1.23
679.00	0.00	162.1768	1.23
679.50	0.00	162.3893	1.23
680.00	0.00	162.6014	1.23
680.50	0.00	162.8130	1.23
681.00	0.00	163.0242	1.23
681.50	0.00	163.2349	1.23
682.00	0.00	163.4451	1.23
682.50	0.00	163.6548	1.23
683.00	0.00	163.8641	1.23
683.50	0.00	164.0729	1.23
684.00	0.00	164.2812	1.23
684.50	0.00	164.4891	1.23
685.00	0.00	164.6965	1.23
685.50	0.00	164.9034	1.23
686.00	0.00	165.1099	1.23
686.50	0.00	165.3158	1.23
687.00	0.00	165.5213	1.23
687.50	0.00	165.7264	1.23
688.00	0.00	165.9310	1.23
688.50	0.00	166.1351	1.23
689.00	0.00	166.3387	1.23
689.50	0.00	166.5419	1.23
690.00	0.00	166.7445	1.23
690.50	0.00	166.9468	1.23
691.00	0.00	167.1485	1.23
691.50	0.00	167.3498	1.23
692.00	0.00	167.5506	1.23
692.50	0.00	167.7510	1.23
693.00	0.00	167.9509	1.23
693.50	0.00	168.1503	1.23
694.00	0.00	168.3492	1.23
694.50	0.00	168.5477	1.23
695.00	0.00	168.7457	1.23
695.50	0.00	168.9432	1.23
696.00	0.00	169.1403	1.23
696.50	0.00	169.3369	1.23
697.00	0.00	169.5331	1.23
697.50	0.00	169.7287	1.23
698.00	0.00	169.9239	1.23
698.50	0.00	170.1187	1.23
699.00	0.00	170.3129	1.23
699.50	0.00	170.5067	1.23
700.00	0.00	170.7001	1.23
700.50	0.00	170.8930	1.23
701.00	0.00	171.0854	1.23
701.50	0.00	171.2773	1.23
702.00	0.00	171.4688	1.23
702.50	0.00	171.6598	1.23
703.00	0.00	171.8503	1.23
703.50	0.00	172.0404	1.23
704.00	0.00	172.2300	1.23
704.50	0.00	172.4192	1.23
705.00	0.00	172.6079	1.23
705.50	0.00	172.7961	1.23
706.00	0.00	172.9838	1.23
706.50	0.00	173.1711	1.23
707.00	0.00	173.3580	1.23
707.50	0.00	173.5443	1.23
708.00	0.00	173.7302	1.23
708.50	0.00	173.9157	1.23
709.00	0.00	174.1007	1.23
709.50	0.00	174.2852	1.23
710.00	0.00	174.4692	1.23
710.50	0.00	174.6528	1.23
711.00	0.00	174.8360	1.23
711.50	0.00	175.0187	1.23
712.00	0.00	175.2009	1.23
712.50	0.00	175.3826	1.23
713.00	0.00	175.5639	1.23
713.50	0.00	175.7447	1.23
714.00	0.00	175.9251	1.23
714.50	0.00	176.1050	1.23
715.00	0.00	176.2845	1.23
715.50	0.00	176.4635	1.23
716.00	0.00	176.6420	1.23
716.50	0.00	176.8201	1.23
717.00	0.00	176.9977	1.23
717.50	0.00	177.1749	1.23
718.00	0.00	177.3516	1.23
718.50	0.00	177.5278	1.23
719.00	0.00	177.7036	1.23
719.50	0.00	177.8790	1.23
720.00	0.00	178.0538	1.23
720.50	0.00	178.2283	1.23
721.00	0.00	178.4022	1.23
721.50	0.00	178.5757	1.23
722.00	0.00	178.7488	1.23
722.50	0.00	178.9214	1.23
723.00	0.00	179.0935	1.23
723.50	0.00	179.2652	1.23
724.00	0.00	179.4365	1.23
724.50	0.00	179.6072	1.23
725.00	0.00	179.7776	1.23
725.50	0.00	179.9474	1.23
726.00	0.00	180.1169	1.23
726.50	0.00	180.2858	1.23
727.00	0.00	180.4543	1.23
727.50	0.00	180.6224	1.23
728.00	0.00	180.7900	1.23
728.50	0.00	180.9572	1.23
729.00	0.00	181.1239	1.23
729.50	0.00	181.2901	1.23
730.00	0.00	181.4559	1.23
730.50	0.00	181.6213	1.23
731.00	0.00	181.7862	1.23
731.50	0.00	181.9506	1.23
732.00	0.00	182.1146	1.23
732.50	0.00	182.2782	1.23
733.00	0.00	182.4413	1.23
733.50	0.00	182.6039	1.23
734.00	0.00	182.7661	1.23
734.50	0.00	182.9279	1.23
735.00	0.00	183.0892	1.23
735.50	0.00	183.2500	1.23
736.00	0.00	183.4104	1.23
736.50	0.00	183.5704	1.23
737.00	0.00	183.7299	1.23
737.50	0.00	183.8890	1.23
738.00	0.00	184.0476	1.23
738.50	0.00	184.2057	1.23
739.00	0.00	184.3635	1.23
739.50	0.00	184.5207	1.23
740.00	0.00	184.6776	1.23
740.50	0.00	184.8339	1.23
741.00	0.00	184.9899	1.23
741.50	0.00	185.1453	1.23
742.00	0.00	185.3004	1.23
742.50	0.00	185.4550	1.23
743.00	0.00	185.6091	1.23
743.50	0.00	185.7628	1.23
744.00	0.00	185.9161	1.23
744.50	0.00	186.0689	1.23
745.00	0.00	186.2212	1.23
745.50	0.00	186.3732	1.23
746.00	0.00	186.5246	1.23
746.50	0.00	186.6757	1.23
747.00	0.00	186.8262	1.23
747.50	0.00	186.9764	1.23
748.00	0.00	187.1261	1.23
748.50	0.00	187.2753	1.23
749.00	0.00	187.4241	1.23
749.50	0.00	187.5725	1.23
750.00	0.00	187.7204	1.23
750.50	0.00	187.8679	1.23
751.00	0.00	188.0149	1.23
751.50	0.00	188.1615	1.23
752.00	0.00	188.3076	1.23
752.50	0.00	188.4533	1.23
753.00	0.00	188.5985	1.23
753.50	0.00	188.7433	1.23
754.00	0.00	188.8877	1.23
754.50	0.00	189.0316	1.23
755.00	0.00	189.1751	1.23
755.50	0.00	189.3181	1.23
756.00	0.00	189.4607	1.23
756.50	0.00	189.6029	1.23
757.00	0.00	189.7446	1.23
757.50	0.00	189.8858	1.23
758.00	0.00	190.0266	1.23
758.50	0.00	190.1670	1.23
759.00	0.00	190.3069	1.23
759.50	0.00	190.4464	1.23
760.00	0.00	190.5854	1.23
760.50	0.00	190.7240	1.23
761.00	0.00	190.8622	1.23
761.50	0.00	190.9999	1.23
762.00	0.00	191.1372	1.23
762.50	0.00	191.2740	1.23
763.00	0.00	191.4104	1.23
763.50	0.00	191.5463	1.23
764.00	0.00	191.6818	1.23
764.50	0.00	191.8168	1.23
765.00	0.00	191.9514	1.23
765.50	0.00	192.0856	1.23
766.00	0.00	192.2193	1.23
766.50	0.00	192.3525	1.23
767.00	0.00	192.4854	1.23
767.50	0.00	192.6177	1.23
768.00	0.00	192.7497	1.23
768.50	0.00	192.8811	1.23
769.00	0.00	193.0122	1.23
769.50	0.00	193.1428	1.23
770.00	0.00	193.2729	1.23
770.50	0.00	193.4026	1.23
771.00	0.00	193.5319	1.23
771.50	0.00	193.6607	1.23
772.00	0.00	193.7890	1.23
772.50	0.00	193.9170	1.23
773.00	0.00	194.0444	1.23
773.50	0.00	194.1715	1.23
774.00	0.00	194.2980	1.23
774.50	0.00	194.4241	1.23
775.00	0.00	194.5498	1.23
775.50	0.00	194.6751	1.23
776.00	0.00	194.7998	1.23
776.50	0.00	194.9242	1.23
777.00	0.00	195.0481	1.23
777.50	0.00	195.1715	1.23
778.00	0.00	195.2945	1.23
778.50	0.00	195.4170	1.23
779.00	0.00	195.5391	1.23
779.50	0.00	195.6607	1.23
780.00	0.00	195.7819	1.23
780.50	0.00	195.9026	1.23
781.00	0.00	196.0229	1.23
781.50	0.00	196.1427	1.23
782.00	0.00	196.2621	1.23
782.50	0.00	196.3810	1.23
783.00	0.00	196.4995	1.23
783.50	0.00	196.6175	1.23
784.00	0.00	196.7351	1.23
784.50	0.00	196.8522	1.23
785.00	0.00	196.9688	1.23
785.50	0.00	197.0850	1.23
786.00	0.00	197.2008	1.23
786.50	0.00	197.3161	1.23
787.00	0.00	197.4309	1.23
787.50	0.00	197.5453	1.23
788.00	0.00	197.6592	1.23
788.50	0.00	197.7726	1.23
789.00	0.00	197.8856	1.23
789.50	0.00	197.9982	1.23
790.00	0.00	198.1103	1.23
790.50	0.00	198.2219	1.23
791.00	0.00	198.3330	1.23
791.50	0.00	198.4437	1.23
792.00	0.00	198.5540	1.23
792.50	0.00	198.6637	1.23
793.00	0.00	198.7731	1.23
793.50	0.00	198.8819	1.23
794.00	0.00	198.9903	1.23
794.50	0.00	199.0982	1.23
795.00	0.00	199.2057	1.23
795.50	0.00	199.3127	1.23
796.00	0.00	199.4192	1.23
796.50	0.00	199.5253	1.23
797.00	0.00	199.6308	1.23
797.50	0.00	199.7360	1.23
798.00	0.00	199.8406	1.23
798.50	0.00	199.9448	1.23
799.00	0.00	200.0485	1.23
799.50	0.00	200.1518	1.23
800.00	0.00	200.2545	1.23
800.50	0.00	200.3568	1.23
801.00	0.00	200.4587	1.23
801.50	0.00	200.5600	1.23
802.00	0.00	200.6609	1.23
802.50	0.00	200.7613	1.23
803.00	0.00	200.8612	1.23
803.50	0.00	200.9607	1.23
804.00	0.00	201.0597	1.23
804.50	0.00	201.1582	1.23
805.00	0.00	201.2562	1.23
805.50	0.00	201.3537	1.23
806.00	0.00	201.4508	1.23
806.50	0.00	201.5474	1.23
807.00	0.00	201.6435	1.23
807.50	0.00	201.7391	1.23
808.00	0.00	201.8342	1.23
808.50	0.00	201.9289	1.23
809.00	0.00	202.0231	1.23
809.50	0.00	202.1167	1.23
810.00	0.00	202.2099	1.23
810.50	0.00	202.3026	1.23
811.00	0.00	202.3948	1.23
811.50	0.00	202.4866	1.23
812.00	0.00	202.5778	1.23
812.50	0.00	202.6686	1.23
813.00	0.00	202.7588	1.23
813.50	0.00	202.8486	1.23
814.00	0.00	202.9379	1.23
814.50	0.00	203.0266	1.23
815.00	0.00	203.1149	1.23
815.50	0.00	203.2027	1.23
816.00	0.00	203.2900	1.23
816.50	0.00	203.3768	1.23
817.00	0.00	203.4631	1.23
817.50	0.00	203.5488	1.23
818.00	0.00	203.6341	1.23
818.50	0.00	203.7189	1.23
819.00	0.00	203.8032	1.23
819.50	0.00	203.8870	1.23
820.00	0.00	203.9703	1.23
820.50	0.00	204.0530	1.23
821.00	0.00	204.1353	1.23
821.50	0.00	204.2170	1.23
822.00	0.00	204.2983	1.23
822.50	0.00	204.3790	1.23
823.00	0.00	204.4592	1.23
823.50	0.00	204.5390	1.23
824.00	0.00	204.6182	1.23
824.50	0.00	204.6968	1.23
825.00	0.00	204.7750	1.23
825.50	0.00	204.8527	1.23
826.00	0.00	204.9298	1.23
826.50	0.00	205.0064	1.23
827.00	0.00	205.0825	1.23
827.50	0.00	205.1581	1.23
828.00	0.00	205.2331	1.23
828.50	0.00	205.3077	1.23
829.00	0.00	205.3817	1.23
829.50	0.00	205.4552	1.23
830.00	0.00	205.5281	1.23
830.50	0.00	205.6006	1.23
831.00	0.00	205.6725	1.23
831.50	0.00	205.7438	1.23
832.00	0.00	205.8147	1.23
832.50	0.00	205.8850	1.23
833.00	0.00	205.9548	1.23
833.50	0.00	206.0240	1.23
834.00	0.00	206.0927	1.23
834.50	0.00	206.1609	1.23
835.00	0.00	206.2285	1.23
835.50	0.00	206.2956	1.23
836.00	0.00	206.3622	1.23
836.50	0.00	206.4282	1.23
837.00	0.00	206.4936	1.23
837.50	0.00	206.5586	1.23
838.00	0.00	206.6230	1.23
838.50	0.00	206.6868	1.23
839.00	0.00	206.7501	1.23
839.50	0.00	206.8128	1.23
840.00	0.00	206.8750	1.23
840.50	0.00	206.9367	1.23
841.00	0.00	206.9977	1.23
841.50	0.00	207.0583	1.23
842.00	0.00	207.1183	1.23
842.50	0.00	207.1777	1.23
843.00	0.00	207.2366	1.23
843.50	0.00	207.2949	1.23
844.00	0.00	207.3526	1.23
844.50	0.00	207.4098	1.23
845.00	0.00	207.4664	1.23
845.50	0.00	207.5225	1.23
846.00	0.00	207.5780	1.23
846.50	0.00	207.6329	1.23
847.00	0.00	207.6873	1.23
847.50	0.00	207.7411	1.23
848.00	0.00	207.7943	1.23
848.50	0.00	207.8470	1.23
849.00	0.00	207.8991	1.23
849.50	0.00	207.9506	1.23
850.00	0.00	208.0016	1.23
850.50	0.00	208.0519	1.23
851.00	0.00	208.1017	1.23
851.50	0.00	208.1509	1.23
852.00	0.00	208.1995	1.23
852.50	0.00	208.2476	1.23
853.00	0.00	208.2951	1.23
853.50	0.00	208.3419	1.23
854.00	0.00	208.3882	1.23
854.50	0.00	208.4340	1.23
855.00	0.00	208.4791	1.23
855.50	0.00	208.5236	1.23
856.00	0.00	208.5676	1.23
856.50	0.00	208.6109	1.23
857.00	0.00	208.6537	1.23
857.50	0.00	208.6959	1.23
858.00	0.00	208.7375	1.23
858.50	0.00	208.7784	1.23
859.00	0.00	208.8188	1.23
859.50	0.00	208.8586	1.23
860.00	0.00	208.8978	1.23
860.50	0.00	208.9364	1.23
861.00	0.00	208.9744	1.23
861.50	0.00	209.0117	1.23
862.00	0.00	209.0485	1.23
862.50	0.00	209.0847	1.23
863.00	0.00	209.1202	1.23
863.50	0.00	209.1552	1.23
864.00	0.00	209.1895	1.23
864.50	0.00	209.2233	1.23
865.00	0.00	209.2564	1.23
865.50	0.00	209.2889	1.23
866.00	0.00	209.3208	1.23
866.50	0.00	209.3521	1.23
867.00	0.00	209.3827	1.23
867.50	0.00	209.4127	1.23
868.00	0.00	209.4422	1.23
868.50	0.00	209.4710	1.23
869.00	0.00	209.4991	1.23
869.50	0.00	209.5267	1.23
870.00	0.00	209.5536	1.23
870.50	0.00	209.5799	1.23
871.00	0.00	209.6056	1.23
871.50	0.00	209.6306	1.23
872.00	0.00	209.6550	1.23
872.50	0.00	209.6788	1.23
873.00	0.00	209.7020	1.23
873.50	0.00	209.7245	1.23
874.00	0.00	209.7464	1.23
874.50	0.00	209.7676	1.23
875.00	0.00	209.7883	1.23
875.50	0.00	209.8082	1.23
876.00	0.00	209.8276	1.23
876.50	0.00	209.8463	1.23
877.00	0.00	209.8643	1.23
877.50	0.00	209.8817	1.23
878.00	0.00	209.8985	1.23
878.50	0.00	209.9146	1.23
879.00	0.00	209.9301	1.23
879.50	0.00	209.9450	1.23
880.00	0.00	209.9591	1.23
880.50	0.00	209.9727	1.23
881.00	0.00	209.9856	1.23
881.50	0.00	209.9978	1.23
882.00	0.00	210.0094	1.23
882.50	0.00	210.0203	1.23
883.00	0.00	210.0306	1.23
883.50	0.00	210.0402	1.23
884.00	0.00	210.0492	1.23
884.50	0.00	210.0575	1.23
885.00	0.00	210.0652	1.23
885.50	0.00	210.0722	1.23
886.00	0.00	210.0785	1.23
886.50	0.00	210.0842	1.23
887.00	0.00	210.0892	1.23
887.50	0.00	210.0935	1.23
888.00	0.00	210.0972	1.23
888.50	0.00	210.1002	1.23
889.00	0.00	210.1026	1.23
889.50	0.00	210.1043	1.23
890.00	0.00	210.1053	1.23
890.50	0.00	210.1056	1.23
891.00	0.00	210.1053	1.23
891.50	0.00	210.1043	1.23
892.00	0.00	210.1027	1.23
892.50	0.00	210.1004	1.23
893.00	0.00	210.0974	1.23
893.50	0.00	210.0937	1.23
894.00	0.00	210.0893	1.23
894.50	0.00	210.0843	1.23
895.00	0.00	210.0786	1.23
895.50	0.00	210.0722	1.23
896.00	0.00	210.0652	1.23
896.50	0.00	210.0575	1.23
897.00	0.00	210.0491	1.23
897.50	0.00	210.0400	1.23
898.00	0.00	210.0302	1.23
898.50	0.00	210.0198	1.23
899.00	0.00	210.0086	1.23
899.50	0.00	209.9968	1.23
900.00	0.00	209.9843	1.23
900.50	0.00	209.0132	3.51
901.00	0.00	209.0233	3.51
901.50	0.00	209.0332	3.51
902.00	0.00	209.0426	3.51
902.50	0.00	209.0518	3.51
903.00	0.00	209.0606	3.51
903.50	0.00	209.0690	3.51
904.00	0.00	209.0771	3.51
904.50	0.00	209.0849	3.51
905.00	0.00	209.0923	3.51
905.50	0.00	209.0994	3.51
906.00	0.00	209.1061	3.51
906.50	0.00	209.1125	3.51
907.00	0.00	209.1186	3.51
907.50	0.00	209.1244	3.51
908.00	0.00	209.1298	3.51
908.50	0.00	209.1348	3.51
909.00	0.00	209.1396	3.51
909.50	0.00	209.1440	3.51
910.00	0.00	209.1480	3.51
910.50	0.00	209.1518	3.51
911.00	0.00	209.1552	3.51
911.50	0.00	209.1583	3.51
912.00	0.00	209.1610	3.51
912.50	0.00	209.1634	3.51
913.00	0.00	209.1655	3.51
913.50	0.00	209.1673	3.51
914.00	0.00	209.1687	3.51
914.50	0.00	209.1698	3.51
915.00	0.00	209.1706	3.51
915.50	0.00	209.1711	3.51
916.00	0.00	209.1712	3.51
916.50	0.00	209.1710	3.51
917.00	0.00	209.1705	3.51
917.50	0.00	209.1697	3.51
918.00	0.00	209.1685	3.51
918.50	0.00	209.1670	3.51
919.00	0.00	209.1652	3.51
919.50	0.00	209.1631	3.51
920.00	0.00	209.1607	3.51
920.50	0.00	209.1579	3.51
921.00	0.00	209.1549	3.51
921.50	0.00	209.1515	3.51
922.00	0.00	209.1478	3.51
922.50	0.00	209.1438	3.51
923.00	0.00	209.1394	3.51
923.50	0.00	209.1348	3.51
924.00	0.00	209.1299	3.51
924.50	0.00	209.1246	3.51
925.00	0.00	209.1190	3.51
925.50	0.00	209.1131	3.51
926.00	0.00	209.1069	3.51
926.50	0.00	209.1004	3.51
927.00	0.00	209.0936	3.51
927.50	0.00	209.0865	3.51
928.00	0.00	209.0791	3.51
928.50	0.00	209.0713	3.51
929.00	0.00	209.0633	3.51
929.50	0.00	209.0549	3.51
930.00	0.00	209.0463	3.51
930.50	0.00	209.0373	3.51
931.00	0.00	209.0281	3.51
931.50	0.00	209.0185	3.51
932.00	0.00	209.0087	3.51
932.50	0.00	208.9985	3.51
933.00	0.00	208.9881	3.51
933.50	0.00	208.9773	3.51
934.00	0.00	208.9662	3.51
934.50	0.00	208.9549	3.51
935.00	0.00	208.9432	3.51
935.50	0.00	208.9313	3.51
936.00	0.00	208.9190	3.51
936.50	0.00	208.9065	3.51
937.00	0.00	208.8937	3.51
937.50	0.00	208.8805	3.51
938.00	0.00	208.8671	3.51
938.50	0.00	208.8534	3.51
939.00	0.00	208.8394	3.51
939.50	0.00	208.8251	3.51
940.00	0.00	208.8105	3.51
940.50	0.00	208.7957	3.51
941.00	0.00	208.7805	3.51
941.50	0.00	208.7651	3.51
942.00	0.00	208.7493	3.51
942.50	0.00	208.7333	3.51
943.00	0.00	208.7170	3.51
943.50	0.00	208.7004	3.51
944.00	0.00	208.6835	3.51
944.50	0.00	208.6664	3.51
945.00	0.00	208.6489	3.51
945.50	0.00	208.6312	3.51
946.00	0.00	208.6132	3.51
946.50	0.00	208.5949	3.51
947.00	0.00	208.5763	3.51
947.50	0.00	208.5575	3.51
948.00	0.00	208.5383	3.51
948.50	0.00	208.5189	3.51
949.00	0.00	208.4992	3.51
949.50	0.00	208.4793	3.51
950.00	0.00	208.4590	3.51
950.50	0.00	208.4385	3.51
951.00	0.00	208.4177	3.51
951.50	0.00	208.3967	3.51
952.00	0.00	208.3753	3.51
952.50	0.00	208.3537	3.51
953.00	0.00	208.3319	3.51
953.50	0.00	208.3097	3.51
954.00	0.00	208.2873	3.51
954.50	0.00	208.2646	3.51
955.00	0.00	208.2416	3.51
955.50	0.00	208.2184	3.51
956.00	0.00	208.1949	3.51
956.50	0.00	208.1711	3.51
957.00	0.00	208.1471	3.51
957.50	0.00	208.1228	3.51
958.00	0.00	208.0983	3.51
958.50	0.00	208.0734	3.51
959.00	0.00	208.0483	3.51
959.50	0.00	208.0230	3.51
960.00	0.00	207.9974	3.51
960.50	0.00	207.9715	3.51
961.00	0.00	207.9454	3.51
961.50	0.00	207.9190	3.51
962.00	0.00	207.8923	3.51
962.50	0.00	207.8654	3.51
963.00	0.00	207.8382	3.51
963.50	0.00	207.8108	3.51
964.00	0.00	207.7831	3.51
964.50	0.00	207.7552	3.51
965.00	0.00	207.7270	3.51
965.50	0.00	207.6985	3.51
966.00	0.00	207.6698	3.51
966.50	0.00	207.6408	3.51
967.00	0.00	207.6116	3.51
967.50	0.00	207.5821	3.51
968.00	0.00	207.5524	3.51
968.50	0.00	207.5225	3.51
969.00	0.00	207.4922	3.51
969.50	0.00	207.4618	3.51
970.00	0.00	207.4311	3.51
970.50	0.00	207.4001	3.51
971.00	0.00	207.3689	3.51
971.50	0.00	207.3374	3.51
972.00	0.00	207.3057	3.51
972.50	0.00	207.2738	3.51
973.00	0.00	207.2416	3.51
973.50	0.00	207.2091	3.51
974.00	0.00	207.1764	3.51
974.50	0.00	207.1435	3.51
975.00	0.00	207.1103	3.51
975.50	0.00	207.0769	3.51
976.00	0.00	207.0433	3.51
976.50	0.00	207.0094	3.51
977.00	0.00	206.9753	3.51
977.50	0.00	206.9409	3.51
978.00	0.00	206.9063	3.51
978.50	0.00	206.8714	3.51
979.00	0.00	206.8363	3.51
979.50	0.00	206.8010	3.51
980.00	0.00	206.7655	3.51
980.50	0.00	206.7297	3.51
981.00	0.00	206.6937	3.51
981.50	0.00	206.6574	3.51
982.00	0.00	206.6209	3.51
982.50	0.00	206.5842	3.51
983.00	0.00	206.5473	3.51
983.50	0.00	206.5101	3.51
984.00	0.00	206.4727	3.51
984.50	0.00	206.4350	3.51
985.00	0.00	206.3971	3.51
985.50	0.00	206.3590	3.51
986.00	0.00	206.3207	3.51
986.50	0.00	206.2822	3.51
987.00	0.00	206.2434	3.51
987.50	0.00	206.2044	3.51
988.00	0.00	206.1651	3.51
988.50	0.00	206.1257	3.51
989.00	0.00	206.0860	3.51
989.50	0.00	206.0461	3.51
990.00	0.00	206.0060	3.51
990.50	0.00	205.9656	3.51
991.00	0.00	205.9251	3.51
991.50	0.00	205.8843	3.51
992.00	0.00	205.8433	3.51
992.50	0.00	205.8020	3.51
993.00	0.00	205.7606	3.51
993.50	0.00	205.7189	3.51
994.00	0.00	205.6771	3.51
994.50	0.00	205.6350	3.51
995.00	0.00	205.5926	3.51
995.50	0.00	205.5501	3.51
996.00	0.00	205.5074	3.51
996.50	0.00	205.4644	3.51
997.00	0.00	205.4212	3.51
997.50	0.00	205.3779	3.51
998.00	0.00	205.3343	3.51
998.50	0.00	205.2905	3.51
999.00	0.00	205.2464	3.51
999.50	0.00	205.2022	3.51
1000.00	0.00	205.1578	3.51
[END_OF_LAMPDATA]

[PANELDATA]
350.00	0.00	0.9890	1.20
360.00	0.00	0.9890	1.20
370.00	0.00	0.9890	1.20
380.00	0.00	0.9880	1.20
390.00	0.00	0.9870	1.20
400.00	0.00	0.9880	0.50
410.00	0.00	0.9870	0.50
420.00	0.00	0.9900	0.50
430.00	0.00	0.9880	0.50
440.00	0.00	0.9890	0.50
450.00	0.00	0.9890	0.50
460.00	0.00	0.9900	0.50
470.00	0.00	0.9890	0.50
480.00	0.00	0.9890	0.50
490.00	0.00	0.9890	0.50
500.00	0.00	0.9880	0.50
510.00	0.00	0.9880	0.50
520.00	0.00	0.9880	0.50
530.00	0.00	0.9870	0.50
540.00	0.00	0.9870	0.50
550.00	0.00	0.9870	0.30
560.00	0.00	0.9860	0.30
570.00	0.00	0.9860	0.30
580.00	0.00	0.9850	0.30
590.00	0.00	0.9850	0.30
600.00	0.00	0.9850	0.30
610.00	0.00	0.9840	0.30
620.00	0.00	0.9840	0.30
630.00	0.00	0.9840	0.30
640.00	0.00	0.9830	0.30
650.00	0.00	0.9830	0.30
660.00	0.00	0.9830	0.30
670.00	0.00	0.9820	0.30
680.00	0.00	0.9820	0.30
690.00	0.00	0.9810	0.30
700.00	0.00	0.9820	0.30
710.00	0.00	0.9810	0.30
720.00	0.00	0.9800	0.30
730.00	0.00	0.9800	0.30
740.00	0.00	0.9800	0.30
750.00	0.00	0.9790	0.30
760.00	0.00	0.9790	0.30
770.00	0.00	0.9790	0.30
780.00	0.00	0.9770	0.30
790.00	0.00	0.9780	0.30
800.00	0.00	0.9770	0.30
810.00	0.00	0.9760	0.30
820.00	0.00	0.9750	0.30
830.00	0.00	0.9750	0.30
840.00	0.00	0.9760	0.30
850.00	0.00	0.9750	0.30
860.00	0.00	0.9740	0.30
870.00	0.00	0.9740	0.30
880.00	0.00	0.9750	0.30
890.00	0.00	0.9740	0.30
900.00	0.00	0.9740	0.30
910.00	0.00	0.9730	0.30
920.00	0.00	0.9730	0.30
930.00	0.00	0.9730	0.30
940.00	0.00	0.9720	0.30
950.00	0.00	0.9720	0.30
960.00	0.00	0.9720	0.30
970.00	0.00	0.9720	0.30
980.00	0.00	0.9710	0.30
990.00	0.00	0.9710	0.30
1000.00	0.00	0.9710	0.30
1010.00	0.00	0.9710	0.30
1020.00	0.00	0.9700	0.30
1030.00	0.00	0.9700	0.30
1040.00	0.00	0.9700	0.30
1050.00	0.00	0.9700	0.30
1060.00	0.00	0.9700	0.30
1070.00	0.00	0.9700	0.30
1080.00	0.00	0.9690	0.30
1090.00	0.00	0.9700	0.30
1100.00	0.00	0.9720	0.30
1110.00	0.00	0.9710	0.30
1120.00	0.00	0.9710	0.30
1130.00	0.00	0.9710	0.30
1140.00	0.00	0.9700	0.30
1150.00	0.00	0.9700	0.30
1160.00	0.00	0.9690	0.30
1170.00	0.00	0.9680	0.30
1180.00	0.00	0.9690	0.30
1190.00	0.00	0.9690	0.30
1200.00	0.00	0.9690	0.30
1210.00	0.00	0.9690	0.30
1220.00	0.00	0.9690	0.30
1230.00	0.00	0.9690	0.30
1240.00	0.00	0.9690	0.30
1250.00	0.00	0.9690	0.30
1260.00	0.00	0.9690	0.30
1270.00	0.00	0.9680	0.30
1280.00	0.00	0.9680	0.30
1290.00	0.00	0.9680	0.30
1300.00	0.00	0.9670	0.30
1310.00	0.00	0.9670	0.30
1320.00	0.00	0.9670	0.30
1330.00	0.00	0.9670	0.30
1340.00	0.00	0.9670	0.30
1350.00	0.00	0.9660	0.30
1360.00	0.00	0.9650	0.30
1370.00	0.00	0.9640	0.30
1380.00	0.00	0.9640	0.30
1390.00	0.00	0.9630	0.30
1400.00	0.00	0.9630	0.30
1410.00	0.00	0.9630	0.30
1420.00	0.00	0.9630	0.30
1430.00	0.00	0.9630	0.30
1440.00	0.00	0.9630	0.30
1450.00	0.00	0.9630	0.30
1460.00	0.00	0.9630	0.30
1470.00	0.00	0.9630	0.30
1480.00	0.00	0.9630	0.30
1490.00	0.00	0.9630	0.30
1500.00	0.00	0.9630	0.30
1510.00	0.00	0.9630	0.30
1520.00	0.00	0.9630	0.30
1530.00	0.00	0.9620	0.30
1540.00	0.00	0.9620	0.30
1550.00	0.00	0.9620	0.30
1560.00	0.00	0.9620	0.30
1570.00	0.00	0.9610	0.30
1580.00	0.00	0.9610	0.30
1590.00	0.00	0.9620	0.30
1600.00	0.00	0.9610	0.30
1610.00	0.00	0.9600	0.30
1620.00	0.00	0.9600	0.30
1630.00	0.00	0.9590	0.30
1640.00	0.00	0.9580	0.30
1650.00	0.00	0.9550	0.50
1660.00	0.00	0.9540	0.50
1670.00	0.00	0.9530	0.50
1680.00	0.00	0.9480	0.50
1690.00	0.00	0.9460	0.50
1700.00	0.00	0.9520	0.50
[END_OF_PANELDATA]

[AMBIENT_TEMP]
21.0

[CALDATA]
0	304.90	4.000000	0	12.000000	0.023510	64.000000	0	32.000000	0
1	308.23	0.072774	32.81	0.019676	0.023525	29.65	1.20	27.07	1.91
2	311.55	0.160604	16.94	0.019578	0.023665	61.35	1.04	60.87	2.48
3	314.88	0.255402	8.91	0.019565	0.023479	100.35	0.71	103.67	2.27
4	318.21	0.318682	7.27	0.019537	0.023170	148.25	1.18	148.27	2.48
5	321.54	0.378707	5.39	0.019567	0.023642	205.75	1.26	200.47	2.28
6	324.87	0.468259	4.37	0.019565	0.023444	275.55	1.24	271.07	2.38
7	328.20	0.564234	3.77	0.019610	0.023351	359.85	1.13	356.87	2.55
8	331.53	0.682513	2.92	0.019575	0.023596	463.35	1.35	466.87	1.95
9	334.86	0.786266	3.18	0.019588	0.023456	597.35	1.24	595.67	3.15
10	338.19	0.913676	2.69	0.019555	0.023542	752.15	1.38	753.47	2.42
11	341.52	1.037193	2.46	0.019583	0.023427	936.55	0.93	935.67	1.74
12	344.85	1.160239	2.43	0.019547	0.023344	1134.25	1.03	1136.27	1.82
13	348.19	1.247762	2.46	0.019590	0.023817	1326.85	1.06	1328.27	2.48
14	351.52	1.294147	2.43	0.019540	0.023229	1499.25	1.23	1497.07	2.44
15	354.86	1.313419	2.41	0.019592	0.023339	1633.75	1.22	1637.47	2.36
16	358.19	1.281461	2.40	0.019544	0.023457	1724.15	1.37	1726.47	2.29
17	361.53	1.222192	2.38	0.019583	0.023310	1774.15	1.10	1775.47	1.93
18	364.86	1.157036	2.42	0.019549	0.023428	1809.65	1.20	1809.47	2.81
19	368.20	1.108557	2.44	0.019566	0.023584	1853.25	1.33	1857.27	3.24
20	371.53	1.071606	2.39	0.019546	0.023782	1920.25	1.53	1924.27	2.39
21	374.87	1.051406	2.43	0.019585	0.023218	2023.45	1.35	2023.67	3.44
22	378.21	1.057895	2.36	0.019547	0.023399	2171.25	1.35	2173.07	2.00
23	381.55	1.080658	2.36	0.019582	0.023442	2359.45	1.47	2364.27	2.42
24	384.89	1.115467	2.33	0.019519	0.023474	2598.45	1.25	2601.07	2.29
25	388.22	1.170690	2.31	0.019561	0.023485	2893.75	1.57	2899.47	2.37
26	391.56	1.236536	2.22	0.019564	0.023534	3247.35	1.35	3253.07	1.92
27	394.90	1.315391	2.11	0.019591	0.023360	3669.25	1.35	3673.47	3.08
28	398.24	1.406952	1.98	0.019565	0.023501	4159.35	1.00	4163.47	2.31
29	401.58	1.510258	1.92	0.019591	0.023723	4722.65	1.53	4727.27	2.24
30	404.92	1.621793	1.90	0.019527	0.023415	5361.75	1.75	5363.87	2.27
31	408.27	1.740060	1.88	0.019585	0.023315	6059.85	1.26	6066.07	2.39
32	411.61	1.856653	1.85	0.019530	0.023326	6801.05	1.19	6815.47	2.46
33	414.95	1.961572	1.83	0.019591	0.023483	7568.85	1.64	7585.87	2.73
34	418.29	2.047179	1.81	0.019555	0.023405	8321.35	1.73	8336.07	2.82
35	421.63	2.113566	1.79	0.019597	0.023360	9015.95	1.82	9036.07	2.90
36	424.97	2.154161	1.76	0.019504	0.023570	9642.35	2.45	9659.47	3.19
37	428.32	2.171017	1.74	0.019577	0.023394	10164.85	1.79	10189.07	2.50
38	431.66	2.162423	1.72	0.019562	0.023269	10605.55	1.85	10626.87	2.61
39	435.00	2.136039	1.70	0.019591	0.023426	10962.95	2.69	10983.67	3.16
40	438.35	2.097260	1.68	0.019555	0.023204	11246.35	2.19	11269.67	3.71
41	441.69	2.047283	1.67	0.019589	0.023385	11460.05	2.21	11484.67	2.59
42	445.03	1.992655	1.67	0.019560	0.023657	11631.05	2.02	11656.87	2.80
43	448.38	1.934717	1.67	0.019591	0.023718	11768.85	2.17	11793.87	3.46
44	451.72	1.881033	1.67	0.019551	0.023600	11913.55	2.00	11939.07	2.65
45	455.07	1.835142	1.67	0.019592	0.023366	12089.95	1.71	12117.67	3.60
46	458.41	1.798133	1.67	0.019561	0.023423	12315.75	2.41	12343.87	3.42
47	461.76	1.774140	1.67	0.019594	0.023565	12615.65	1.70	12645.67	2.69
48	465.10	1.760843	1.67	0.019559	0.023375	12998.55	2.50	13023.87	2.60
49	468.45	1.760184	1.67	0.019595	0.023377	13458.65	2.58	13489.07	3.24
50	471.79	1.766618	1.66	0.019550	0.023397	13987.15	2.98	14021.07	2.53
51	475.14	1.774156	1.67	0.019593	0.023486	14531.35	2.46	14571.67	3.99
52	478.48	1.777095	1.66	0.019557	0.023238	15053.25	2.25	15096.87	3.08
53	481.83	1.778879	1.66	0.019588	0.023277	15574.65	2.50	15620.67	3.53
54	485.17	1.783463	1.66	0.019555	0.023452	16127.25	2.68	16176.27	3.43
55	488.52	1.795714	1.66	0.019581	0.023663	16753.55	1.91	16808.87	4.61
56	491.86	1.815077	1.66	0.019556	0.023375	17468.45	2.89	17524.87	3.06
57	495.21	1.843733	1.66	0.019598	0.023358	18282.55	2.69	18343.67	3.34
58	498.55	1.879612	1.66	0.019561	0.023449	19192.45	2.71	19258.27	2.09
59	501.90	1.922458	1.66	0.019603	0.023527	20199.75	3.72	20273.27	4.14
60	505.25	1.971591	1.66	0.019564	0.023548	21300.75	2.84	21386.07	3.66
61	508.59	2.024188	1.66	0.019595	0.023475	22471.35	3.58	22570.27	3.48
62	511.94	2.078790	1.66	0.019560	0.023614	23710.35	3.44	23818.47	3.74
63	515.28	2.132116	1.66	0.019595	0.023364	24981.15	3.15	25093.87	3.00
64	518.63	2.185021	1.66	0.019571	0.023653	26258.25	3.65	26388.27	4.49
65	521.97	2.233412	1.66	0.019600	0.023694	27516.75	4.02	27660.67	4.70
66	525.32	2.274409	1.66	0.019560	0.023663	28710.85	4.29	28868.07	4.75
67	528.67	2.305391	1.66	0.019606	0.023489	29790.75	3.36	29966.67	3.92
68	532.01	2.322080	1.66	0.019550	0.023525	30739.55	5.32	30917.67	3.57
69	535.36	2.323385	1.66	0.019607	0.023354	31461.75	4.63	31658.07	3.63
70	538.70	2.307916	1.66	0.019579	0.023639	31963.25	4.80	32171.47	5.81
71	542.05	2.279240	1.65	0.019601	0.023438	32273.75	4.50	32490.07	4.59
72	545.39	2.237453	1.63	0.019574	0.023508	32399.35	4.53	32611.07	4.04
73	548.74	2.188224	1.61	0.019611	0.023446	32371.65	5.46	32586.27	4.35
74	552.08	2.136091	1.61	0.019562	0.023732	32263.55	4.34	32479.67	5.18
75	555.43	2.081516	1.61	0.019608	0.023492	32081.35	4.82	32297.87	4.29
76	558.77	2.026460	1.61	0.019544	0.023596	31860.95	4.10	32075.27	4.02
77	562.11	1.972090	1.61	0.019605	0.023604	31624.75	3.97	31835.67	5.65
78	565.46	1.918703	1.61	0.019572	0.023465	31356.35	3.91	31572.07	4.90
79	568.80	1.867820	1.61	0.019597	0.023416	31105.75	4.67	31320.67	3.84
80	572.15	1.820536	1.61	0.019573	0.023590	30868.65	4.24	31086.47	2.89
81	575.49	1.772417	1.61	0.019609	0.023502	30599.45	4.78	30811.07	5.11
82	578.83	1.728425	1.61	0.019573	0.023549	30356.75	4.20	30569.47	4.30
83	582.17	1.685781	1.61	0.019612	0.023520	30123.95	4.99	30333.47	3.37
84	585.52	1.645192	1.61	0.019575	0.023721	29906.05	4.55	30111.07	5.02
85	588.86	1.607877	1.61	0.019592	0.023442	29703.55	4.21	29913.07	5.27
86	592.20	1.573353	1.61	0.019560	0.023544	29546.25	3.91	29751.27	4.38
87	595.54	1.542984	1.61	0.019615	0.023572	29421.55	3.70	29633.87	3.50
88	598.89	1.515825	1.61	0.019570	0.023627	29351.45	3.44	29564.47	3.62
89	602.23	1.494930	1.61	0.019608	0.023596	29382.45	4.06	29594.87	4.41
90	605.57	1.485075	1.61	0.019575	0.023443	29594.25	4.03	29817.67	4.38
91	608.91	1.482361	1.61	0.019611	0.023489	29949.55	4.39	30180.67	5.10
92	612.25	1.477338	1.61	0.019561	0.023675	30256.25	4.33	30496.07	4.94
93	615.59	1.465678	1.61	0.019617	0.023585	30428.35	4.33	30672.47	3.33
94	618.93	1.446545	1.61	0.019584	0.023454	30428.05	3.93	30677.47	4.49
95	622.27	1.418112	1.61	0.019619	0.023537	30233.75	4.81	30477.27	5.72
96	625.60	1.384900	1.61	0.019579	0.023415	29901.95	3.81	30145.87	3.92
97	628.94	1.350013	1.61	0.019601	0.023347	29531.55	4.21	29765.27	3.79
98	632.28	1.318311	1.61	0.019584	0.023462	29190.05	4.16	29419.87	4.43
99	635.62	1.289685	1.61	0.019613	0.023728	28915.25	5.15	29130.67	4.15
100	638.96	1.266973	1.61	0.019594	0.023377	28718.35	3.84	28938.87	3.53
101	642.29	1.248157	1.61	0.019603	0.023746	28607.15	3.63	28830.67	3.75
102	645.63	1.233104	1.60	0.019591	0.023323	28590.95	3.81	28808.87	3.09
103	648.96	1.223984	1.61	0.019608	0.023475	28688.95	4.69	28908.87	3.99
104	652.30	1.219035	1.60	0.019586	0.023516	28873.25	3.84	29097.87	3.62
105	655.63	1.217395	1.61	0.019621	0.023575	29126.85	3.63	29358.47	4.98
106	658.97	1.218240	1.60	0.019597	0.023499	29443.45	3.58	29678.67	3.73
107	662.30	1.219037	1.60	0.019621	0.023484	29741.15	4.75	29983.47	4.57
108	665.63	1.216411	1.60	0.019601	0.023602	29961.95	4.53	30203.47	3.32
109	668.97	1.207130	1.60	0.019632	0.023362	29995.15	4.29	30242.87	3.42
110	672.30	1.192754	1.60	0.019590	0.023666	29904.75	4.59	30154.87	5.31
111	675.63	1.181124	1.60	0.019619	0.023577	29874.85	4.80	30128.67	3.63
112	678.96	1.172212	1.60	0.019600	0.023512	29902.95	4.33	30162.07	5.03
113	682.29	1.165050	1.60	0.019643	0.023564	29988.75	4.40	30239.67	4.21
114	685.62	1.162138	1.60	0.019605	0.023500	30146.85	3.69	30404.27	4.07
115	688.95	1.160433	1.60	0.019635	0.023648	30347.75	3.54	30603.67	4.14
116	692.28	1.159621	1.60	0.019582	0.023232	30546.25	4.43	30818.67	3.86
117	695.61	1.156360	1.60	0.019629	0.023772	30720.05	4.05	30989.47	4.25
118	698.93	1.151698	1.60	0.019603	0.023560	30846.35	4.02	31114.87	2.91
119	702.26	1.145314	1.60	0.019648	0.023496	30900.15	5.47	31170.27	4.31
120	705.59	1.138379	1.60	0.019589	0.023494	30912.85	4.51	31190.87	4.47
121	708.91	1.129701	1.60	0.019646	0.023352	30889.05	4.28	31165.67	3.40
122	712.24	1.119549	1.60	0.019591	0.023211	30827.65	4.15	31097.47	4.02
123	715.56	1.110772	1.60	0.019623	0.023512	30777.85	4.52	31050.67	5.43
124	718.88	1.101633	1.60	0.019598	0.023601	30706.85	4.90	30984.67	4.17
125	722.21	1.091901	1.60	0.019646	0.023512	30633.55	4.05	30909.07	4.41
126	725.53	1.082884	1.60	0.019611	0.023500	30576.05	4.43	30849.87	5.49
127	728.85	1.073557	1.60	0.019646	0.023534	30504.65	3.54	30775.87	4.98
128	732.17	1.063627	1.60	0.019603	0.023430	30392.35	5.19	30669.27	3.98
129	735.49	1.052145	1.60	0.019637	0.023266	30251.95	4.50	30522.47	3.64
130	738.81	1.039190	1.60	0.019614	0.023782	30058.55	3.57	30323.87	4.44
131	742.13	1.025339	1.60	0.019632	0.023630	29816.75	4.30	30080.67	4.06
132	745.44	1.011280	1.60	0.019595	0.023489	29555.25	4.29	29818.87	4.03
133	748.76	0.995607	1.60	0.019624	0.023758	29257.95	4.14	29511.27	4.19
134	752.08	0.979193	1.60	0.019605	0.023311	28924.55	3.98	29173.67	5.14
135	755.39	0.962927	1.60	0.019638	0.023510	28586.25	4.32	28833.67	4.00
136	758.71	0.945638	1.60	0.019594	0.023482	28216.55	5.22	28458.47	3.75
137	762.02	0.928126	1.60	0.019640	0.023444	27838.95	4.11	28071.87	3.94
138	765.33	0.911442	1.60	0.019599	0.023613	27453.15	4.24	27689.87	3.41
139	768.64	0.893570	1.60	0.019651	0.023650	27041.95	3.64	27273.07	4.39
140	771.95	0.874949	1.60	0.019610	0.023447	26598.05	3.48	26819.07	3.80
141	775.26	0.854859	1.60	0.019652	0.023633	26085.35	3.43	26300.47	4.32
142	778.57	0.832459	1.60	0.019605	0.023341	25486.25	3.23	25699.07	3.58
143	781.88	0.806987	1.60	0.019643	0.023495	24817.75	3.48	25018.47	5.50
144	785.19	0.778743	1.60	0.019616	0.023806	24073.95	3.49	24257.67	3.50
145	788.49	0.749215	1.60	0.019649	0.023468	23257.35	3.06	23435.27	4.25
146	791.80	0.718961	1.60	0.019597	0.023751	22409.75	3.18	22576.67	4.49
147	795.10	0.688812	1.60	0.019642	0.023600	21554.45	3.73	21707.87	4.51
148	798.40	0.658853	1.60	0.019606	0.023343	20691.15	3.72	20833.87	3.83
149	801.71	0.630207	1.60	0.019634	0.023631	19858.05	2.68	19991.87	4.35
150	805.01	0.602792	1.60	0.019611	0.023617	19054.35	2.53	19180.47	2.71
151	808.31	0.576874	1.60	0.019649	0.023565	18290.45	3.00	18409.47	3.01
152	811.61	0.552498	1.60	0.019604	0.023670	17579.85	3.06	17686.67	3.38
153	814.91	0.529531	1.60	0.019633	0.023787	16905.45	2.53	17001.67	3.20
154	818.20	0.508151	1.60	0.019605	0.023584	16260.05	2.63	16354.07	2.92
155	821.50	0.487931	1.60	0.019639	0.023675	15661.75	2.64	15747.47	3.98
156	824.79	0.468582	1.60	0.019614	0.023632	15078.45	2.58	15161.47	3.43
157	828.09	0.449600	1.60	0.019639	0.023506	14506.05	2.01	14584.47	2.45
158	831.38	0.431042	1.60	0.019597	0.023617	13953.55	2.49	14023.07	2.83
159	834.67	0.413308	1.60	0.019633	0.023677	13406.75	2.52	13477.07	3.06
160	837.96	0.394892	1.60	0.019611	0.023866	12860.75	1.95	12918.07	2.39
161	841.25	0.378070	1.60	0.019639	0.023572	12327.05	2.07	12387.67	3.03
162	844.54	0.361030	1.60	0.019619	0.023878	11798.75	1.73	11852.07	2.56
163	847.83	0.344949	1.60	0.019634	0.023592	11286.65	1.51	11338.87	1.83
164	851.12	0.329551	1.60	0.019609	0.023581	10799.55	2.22	10848.07	2.54
165	854.40	0.314823	1.60	0.019640	0.023839	10327.25	2.00	10374.47	1.46
166	857.68	0.300932	1.60	0.019599	0.023507	9883.95	1.94	9928.07	2.69
167	860.97	0.287955	1.60	0.019646	0.023689	9474.35	2.07	9513.07	2.67
168	864.25	0.275831	1.61	0.019607	0.023557	9088.25	1.75	9124.07	3.05
169	867.53	0.264916	1.60	0.019641	0.023556	8727.95	2.09	8767.07	2.23
170	870.81	0.254618	1.61	0.019604	0.023857	8401.45	1.76	8436.67	2.80
171	874.09	0.244774	1.60	0.019640	0.023432	8099.05	1.70	8126.07	2.01
172	877.36	0.236505	1.61	0.019609	0.023697	7820.25	1.33	7852.67	2.82
173	880.64	0.228384	1.60	0.019642	0.023506	7563.05	2.03	7591.27	2.35
174	883.91	0.221228	1.60	0.019602	0.023623	7320.55	1.78	7350.67	2.36
175	887.19	0.214356	1.60	0.019646	0.023913	7096.35	1.92	7123.47	2.10
176	890.46	0.207330	1.61	0.019613	0.023516	6876.65	1.77	6895.67	2.67
177	893.73	0.200849	1.61	0.019636	0.023502	6653.65	1.41	6675.87	2.63
178	897.00	0.194360	1.61	0.019597	0.023865	6437.35	1.57	6458.87	2.45
179	900.26	0.188384	2.65	0.019637	0.023607	6221.65	1.75	6242.67	2.94
180	903.53	0.182067	3.66	0.019586	0.023590	5999.75	1.38	6019.87	2.44
181	906.80	0.175409	3.66	0.019616	0.023611	5777.65	1.82	5798.07	2.17
182	910.06	0.168583	3.66	0.019597	0.023694	5558.65	1.26	5574.87	2.17
183	913.32	0.161918	3.66	0.019626	0.023662	5330.05	0.99	5350.27	2.22
184	916.58	0.155110	3.66	0.019589	0.023681	5115.75	0.87	5130.27	1.44
185	919.84	0.148650	3.66	0.019633	0.023748	4902.65	0.86	4916.47	1.99
186	923.10	0.142403	3.66	0.019581	0.023756	4692.35	1.57	4707.47	2.58
187	926.36	0.135941	3.67	0.019633	0.023580	4483.85	1.61	4495.67	2.68
188	929.61	0.129454	3.67	0.019598	0.023530	4273.95	1.43	4282.67	2.47
189	932.87	0.123201	3.67	0.019642	0.023460	4055.65	1.84	4068.67	2.70
190	936.12	0.116647	3.67	0.019591	0.023680	3841.85	0.92	3851.87	2.73
191	939.37	0.110191	3.67	0.019628	0.023488	3629.95	1.38	3637.67	2.75
192	942.62	0.104407	3.66	0.019591	0.023645	3433.15	1.41	3442.67	1.78
193	945.87	0.099600	3.67	0.019633	0.023601	3265.05	1.32	3278.27	2.64
194	949.12	0.094809	3.67	0.019578	0.023496	3117.65	1.34	3124.47	2.40
195	952.36	0.090889	3.68	0.019631	0.023340	2981.05	1.31	2990.47	2.63
196	955.60	0.086926	3.67	0.019591	0.023660	2853.45	0.93	2860.27	1.85
197	958.85	0.082987	3.67	0.019633	0.023690	2732.25	1.04	2733.67	2.31
198	962.09	0.079623	3.67	0.019588	0.023461	2614.05	1.14	2618.07	2.01
199	965.33	0.076446	3.67	0.019631	0.023478	2498.85	1.21	2507.07	1.87
200	968.56	0.073096	3.68	0.019600	0.023553	2390.05	1.38	2396.47	2.43
201	971.80	0.070074	3.67	0.019629	0.023656	2284.85	1.30	2292.87	1.65
202	975.04	0.066683	3.68	0.019592	0.023716	2178.75	0.98	2182.67	2.16
203	978.27	0.063686	3.68	0.019639	0.023411	2074.35	0.99	2079.87	1.86
204	981.50	0.060814	3.69	0.019593	0.023611	1970.15	1.03	1979.47	2.28
205	984.73	0.057529	3.70	0.019626	0.023515	1868.95	0.79	1874.07	2.75
206	987.96	0.054420	3.68	0.019577	0.023520	1768.65	1.25	1772.07	1.91
207	991.18	0.051217	3.70	0.019633	0.023776	1666.85	1.15	1667.87	2.26
208	994.41	0.048334	3.68	0.019573	0.023582	1570.85	1.04	1571.87	1.68
209	997.63	0.045349	3.71	0.019640	0.023568	1472.75	1.36	1473.27	2.28
210	1000.85	0.042368	3.71	0.019580	0.023553	1379.15	0.96	1377.07	2.03
211	1004.07	0.000000	1.22	0.019624	0.023538	1288.15	0.89	1291.67	2.10
212	1007.29	0.000000	1.27	0.019594	0.023594	1199.65	1.35	1202.07	2.17
213	1010.51	0.000000	1.25	0.019636	0.023618	1114.65	1.02	1116.27	1.92
214	1013.72	0.000000	1.51	0.019595	0.023667	1032.75	1.28	1036.47	2.82
215	1016.94	0.000000	1.46	0.019621	0.023688	956.95	1.20	956.27	2.43
216	1020.15	0.000000	1.61	0.019585	0.023770	884.55	1.01	883.27	2.69
217	1023.36	0.000000	1.35	0.019604	0.023629	815.25	1.22	819.07	1.71
218	1026.57	0.000000	1.91	0.019578	0.023747	751.65	0.83	751.07	2.99
219	1029.77	0.000000	1.61	0.019636	0.023581	691.05	1.10	693.87	2.09
220	1032.98	0.000000	1.61	0.019595	0.023590	635.35	1.25	632.87	1.86
221	1036.18	0.000000	1.93	0.019607	0.023585	584.75	1.10	581.67	2.29
222	1039.38	0.000000	2.36	0.019584	0.023779	537.55	1.37	537.47	2.78
223	1042.58	0.000000	1.69	0.019629	0.023885	491.35	0.99	494.07	1.60
224	1045.78	0.000000	2.20	0.019589	0.023454	450.15	0.91	449.47	2.13
225	1048.97	0.000000	2.44	0.019611	0.023609	412.45	1.01	412.27	2.22
226	1052.17	0.000000	2.29	0.019603	0.023938	378.75	1.17	379.47	1.85
227	1055.36	0.000000	2.94	0.019617	0.023372	346.15	0.70	342.87	2.31
228	1058.55	0.000000	2.43	0.019585	0.023426	313.15	0.82	312.27	1.67
229	1061.74	0.000000	3.79	0.019627	0.023598	283.35	0.92	282.87	2.54
230	1064.92	0.000000	3.83	0.019555	0.023479	258.85	0.73	254.07	2.27
231	1068.11	0.000000	3.17	0.019621	0.023680	231.95	1.15	232.67	1.66
232	1071.29	0.000000	4.92	0.019586	0.023666	205.25	1.31	206.27	2.41
233	1074.47	0.000000	5.37	0.019617	0.023649	184.45	1.13	182.67	2.31
234	1077.65	0.000000	5.34	0.019595	0.023646	161.75	0.84	163.07	2.11
235	1080.83	0.000000	7.02	0.019632	0.023587	137.65	1.19	131.67	2.10
236	1084.00	0.000000	5.57	0.019585	0.023404	115.45	0.98	117.67	1.57
237	1087.18	0.000000	8.81	0.019630	0.023649	94.45	0.79	97.67	2.17
238	1090.35	0.000000	12.25	0.019586	0.023592	75.35	0.86	77.87	2.42
239	1093.52	0.000000	18.46	0.019619	0.023705	60.95	1.15	58.67	2.53
240	1096.68	0.000000	17.79	0.019590	0.023560	40.65	1.06	42.07	1.86
241	1099.85	0.000000	28.75	0.019638	0.023738	29.45	1.24	27.27	1.69
242	1103.01	0.000000	46.62	0.019593	0.023456	19.35	0.77	18.27	1.97
243	1106.17	0.000000	72.89	0.019625	0.023448	10.85	1.20	12.27	2.42
244	1109.33	0.000000	157.30	0.019595	0.023753	6.75	1.02	6.27	2.22
245	1112.49	0.000000	328.14	0.019635	0.023372	1.05	0.98	2.07	2.48
246	1115.64	0.000000	155.91	0.019573	0.023372	-3.35	0.90	-4.13	1.86
247	1118.79	0.000000	59.17	0.019648	0.023699	-10.15	1.03	-12.13	2.02
248	1121.95	0.000000	42.02	0.019617	0.023598	-21.95	1.42	-20.73	1.92
249	1125.09	0.000000	19.50	0.019658	0.023741	-33.55	1.31	-33.33	1.47
250	1128.24	0.000000	26.23	0.019609	0.023296	-43.55	1.05	-41.13	2.48
251	1131.39	0.000000	16.35	0.019674	0.023287	-48.75	1.11	-52.13	2.20
252	1134.53	0.000000	19.44	0.019654	0.023446	-55.35	1.12	-54.93	2.59
253	1137.67	0.000000	16.02	0.019711	0.023585	-60.25	1.29	-62.53	2.51
254	1140.81	0.000000	16.50	0.019745	0.023509	-61.95	1.04	-61.33	2.44
255	1143.94	0.000000	11.77	0.020253	0.024630	-64.45	1.07	-66.53	1.94
[END_OF_CALDATA]
